solve time: 58.93196511268616

 number of processors: 8

 number of functions evaluations
[875.0, 875.0, 875.0]

 variance
[array([[2.92917055e+05, 8.95557088e+01, 2.03032228e+06, 3.59493046e+03,
        1.12794370e+04, 1.09516789e+04, 1.48338963e-02, 1.96860144e+04,
        1.72394251e+04, 5.79391896e+05],
       [8.95557088e+01, 4.65448626e-02, 7.44993054e+02, 1.19256513e+00,
        3.34320141e+00, 4.60548402e+00, 5.66339795e-06, 2.13190017e+01,
        9.06890307e+00, 1.79193710e+02],
       [2.03032228e+06, 7.44993054e+02, 1.55128038e+07, 2.52973183e+04,
        8.46802700e+04, 6.69739826e+04, 1.30103313e-01, 2.21346062e+05,
        1.71048169e+05, 4.68893301e+06],
       [3.59493046e+03, 1.19256513e+00, 2.52973183e+04, 3.26490576e+02,
        6.19771962e+01, 5.05094749e+02, 1.04098590e-04, 2.87258068e+02,
        2.58305397e+02, 9.66854742e+03],
       [1.12794370e+04, 3.34320141e+00, 8.46802700e+04, 6.19771962e+01,
        4.28187911e+03, 7.86679562e+02, 1.73185414e-03, 3.39967660e+02,
        8.72767087e+02, 1.31191447e+04],
       [1.09516789e+04, 4.60548402e+00, 6.69739826e+04, 5.05094749e+02,
        7.86679562e+02, 7.09607199e+03, 6.38652692e-04, 2.33143030e+03,
        6.05316156e+02, 1.86378531e+04],
       [1.48338963e-02, 5.66339795e-06, 1.30103313e-01, 1.04098590e-04,
        1.73185414e-03, 6.38652692e-04, 7.88071151e-09, 4.71766178e-04,
        1.75783716e-03, 9.65743087e-02],
       [1.96860144e+04, 2.13190017e+01, 2.21346062e+05, 2.87258068e+02,
        3.39967660e+02, 2.33143030e+03, 4.71766178e-04, 1.79954619e+04,
        3.31463104e+03, 7.10779379e+03],
       [1.72394251e+04, 9.06890307e+00, 1.71048169e+05, 2.58305397e+02,
        8.72767087e+02, 6.05316156e+02, 1.75783716e-03, 3.31463104e+03,
        4.04618047e+03, 5.36544836e+04],
       [5.79391896e+05, 1.79193710e+02, 4.68893301e+06, 9.66854742e+03,
        1.31191447e+04, 1.86378531e+04, 9.65743087e-02, 7.10779379e+03,
        5.36544836e+04, 5.88025452e+06]]), array([[3.03578143e+06, 1.36747751e+02, 2.18762552e+04, 1.48483244e+03,
        1.35118952e+03, 3.41847791e+03, 6.52917676e-03, 4.75361221e+04,
        1.55111824e+06, 3.06559021e+06],
       [1.36747751e+02, 1.63614662e-02, 1.27580555e+00, 1.23658011e-01,
        7.91743362e-02, 2.15411744e-01, 2.36071885e-06, 2.11943221e+01,
        1.30039520e+02, 2.01703407e+02],
       [2.18762552e+04, 1.27580555e+00, 5.06834841e+06, 6.30078700e+03,
        2.77373418e+04, 1.82226039e+04, 1.76309868e-02, 8.59269711e+03,
        1.56509803e+06, 5.66689029e+06],
       [1.48483244e+03, 1.23658011e-01, 6.30078700e+03, 9.23165495e+01,
        2.00814802e+01, 1.45550610e+02, 3.56424442e-05, 8.94260722e+01,
        4.58766532e+03, 1.49535090e+04],
       [1.35118952e+03, 7.91743362e-02, 2.77373418e+04, 2.00814802e+01,
        1.87554599e+03, 2.05654443e+02, 3.05124055e-04, 1.80598004e+02,
        1.12996684e+04, 5.28434882e+04],
       [3.41847791e+03, 2.15411744e-01, 1.82226039e+04, 1.45550610e+02,
        2.05654443e+02, 1.93464782e+03, 2.32575590e-04, 4.19885355e+02,
        1.47934448e+04, 6.33519636e+04],
       [6.52917676e-03, 2.36071885e-06, 1.76309868e-02, 3.56424442e-05,
        3.05124055e-04, 2.32575590e-04, 9.21732885e-09, 1.01521173e-02,
        1.14643895e-02, 8.72464238e-02],
       [4.75361221e+04, 2.11943221e+01, 8.59269711e+03, 8.94260722e+01,
        1.80598004e+02, 4.19885355e+02, 1.01521173e-02, 2.48046364e+05,
        5.27048876e+04, 1.63021193e+05],
       [1.55111824e+06, 1.30039520e+02, 1.56509803e+06, 4.58766532e+03,
        1.12996684e+04, 1.47934448e+04, 1.14643895e-02, 5.27048876e+04,
        3.53944754e+06, 3.50260652e+06],
       [3.06559021e+06, 2.01703407e+02, 5.66689029e+06, 1.49535090e+04,
        5.28434882e+04, 6.33519636e+04, 8.72464238e-02, 1.63021193e+05,
        3.50260652e+06, 3.64004092e+07]]), array([[3.01798175e+06, 1.38289841e+02, 4.04955039e-12, 3.35548800e-13,
        3.32873880e-12, 4.18191877e-13, 5.04834545e-03, 5.22409905e+04,
        1.64556496e+06, 3.13650839e+06],
       [1.38289841e+02, 1.86753869e-02, 2.47656468e-16, 4.02860524e-17,
        2.98508732e-16, 2.62236892e-17, 2.31316251e-06, 2.62415127e+01,
        1.61982734e+02, 2.24889024e+02],
       [4.04955039e-12, 2.47656468e-16, 1.12020966e-27, 2.44109353e-29,
        1.32099453e-28, 2.09232341e-29, 5.38231573e-31, 2.47706409e-17,
        1.11258420e-11, 1.90216849e-11],
       [3.35548800e-13, 4.02860524e-17, 2.44109353e-29, 4.88707511e-30,
        1.58427418e-29, 6.27349592e-30, 6.89944133e-31, 9.45984053e-18,
        8.05045805e-13, 1.70654197e-12],
       [3.32873880e-12, 2.98508732e-16, 1.32099453e-28, 1.58427418e-29,
        1.14192549e-27, 9.32478604e-30, 8.34350537e-31, 1.26444539e-17,
        1.25280296e-11, 1.06967234e-11],
       [4.18191877e-13, 2.62236892e-17, 2.09232341e-29, 6.27349592e-30,
        9.32478604e-30, 3.56608570e-29, 3.99932820e-31, 3.72983789e-19,
        5.26929911e-13, 3.30184649e-12],
       [5.04834545e-03, 2.31316251e-06, 5.38231573e-31, 6.89944133e-31,
        8.34350537e-31, 3.99932820e-31, 5.28812252e-09, 1.22100422e-02,
        5.04415363e-03, 1.50154989e-02],
       [5.22409905e+04, 2.62415127e+01, 2.47706409e-17, 9.45984053e-18,
        1.26444539e-17, 3.72983789e-19, 1.22100422e-02, 2.73541747e+05,
        5.61510846e+04, 1.85372009e+05],
       [1.64556496e+06, 1.61982734e+02, 1.11258420e-11, 8.05045805e-13,
        1.25280296e-11, 5.26929911e-13, 5.04415363e-03, 5.61510846e+04,
        3.80091424e+06, 3.54813561e+06],
       [3.13650839e+06, 2.24889024e+02, 1.90216849e-11, 1.70654197e-12,
        1.06967234e-11, 3.30184649e-12, 1.50154989e-02, 1.85372009e+05,
        3.54813561e+06, 3.97156554e+07]])]

 max variance
[15512803.816553771, 36400409.170056224, 39715655.373071946]

 cost matrix
[array([[ 1.96735199e+02, -3.42893986e+00, -5.22307603e+02,
         1.79743660e+01,  2.74750518e+01, -2.61019073e+01,
         2.06890795e-02,  2.17845122e+01,  1.12666964e+01,
         9.09421897e+01],
       [-3.42893986e+00,  6.85969178e-02,  9.60644891e+00,
        -3.03145769e-01, -4.58025911e-01,  4.47712595e-01,
        -3.68434061e-04, -7.01071577e-01,  3.65522482e-02,
        -8.85481051e-01],
       [-5.22307603e+02,  9.60644891e+00,  1.42991880e+03,
        -4.63222409e+01, -7.20610556e+01,  6.35705265e+01,
        -5.71546639e-02, -7.20680677e+01, -1.01350659e+01,
        -1.69642020e+02],
       [ 1.79743660e+01, -3.03145769e-01, -4.63222409e+01,
         4.35079778e+00,  2.72685294e+00, -5.89811093e+00,
         1.43480375e-03,  2.22504641e+00,  5.17416241e-01,
         8.50291531e+00],
       [ 2.74750518e+01, -4.58025911e-01, -7.20610556e+01,
         2.72685294e+00,  1.09650818e+01, -7.12547719e+00,
         3.73692545e-03,  2.35059781e+00,  8.89124645e-01,
         7.81702008e+00],
       [-2.61019073e+01,  4.47712595e-01,  6.35705265e+01,
        -5.89811093e+00, -7.12547719e+00,  1.73401077e+01,
        -2.49534582e-03, -4.70458561e+00, -8.82399253e-02,
        -1.04066884e+01],
       [ 2.06890795e-02, -3.68434061e-04, -5.71546639e-02,
         1.43480375e-03,  3.73692545e-03, -2.49534582e-03,
         1.06039437e-05,  1.17784295e-03,  6.39061068e-04,
         8.53180319e-03],
       [ 2.17845122e+01, -7.01071577e-01, -7.20680677e+01,
         2.22504641e+00,  2.35059781e+00, -4.70458561e+00,
         1.17784295e-03,  1.92184045e+01, -6.67840216e+00,
        -8.63316644e+00],
       [ 1.12666964e+01,  3.65522482e-02, -1.01350659e+01,
         5.17416241e-01,  8.89124645e-01, -8.82399253e-02,
         6.39061068e-04, -6.67840216e+00,  1.29582395e+01,
         4.73888254e+01],
       [ 9.09421897e+01, -8.85481051e-01, -1.69642020e+02,
         8.50291531e+00,  7.81702008e+00, -1.04066884e+01,
         8.53180319e-03, -8.63316644e+00,  4.73888254e+01,
         3.68799566e+02]]), array([[ 1.00702921e+03, -6.31103354e+00,  4.27268369e+01,
        -1.29236107e+01, -1.54238180e+01,  1.81009998e+01,
         1.36511400e-02,  5.49769338e+01,  9.09793223e+02,
         1.53559628e+03],
       [-6.31103354e+00,  5.69089093e-02, -3.00909882e-01,
         9.63351862e-02,  1.02378791e-01, -1.27057412e-01,
        -2.47771956e-04, -1.06396247e+00, -6.39749889e+00,
        -9.89798873e+00],
       [ 4.27268369e+01, -3.00909882e-01,  5.05251339e+02,
        -1.66354438e+01, -3.12182495e+01,  2.39608165e+01,
        -1.33163467e-02, -5.53102099e-01,  3.18095871e+02,
         6.37709718e+02],
       [-1.29236107e+01,  9.63351862e-02, -1.66354438e+01,
         2.04771899e+00,  1.30779885e+00, -2.66932412e+00,
         4.91596050e-04, -7.80210247e-01, -2.35578615e+01,
        -5.53221919e+01],
       [-1.54238180e+01,  1.02378791e-01, -3.12182495e+01,
         1.30779885e+00,  6.54571606e+00, -3.28445834e+00,
         1.42207655e-03, -9.68793976e-01, -3.52086424e+01,
        -8.79067971e+01],
       [ 1.81009998e+01, -1.27057412e-01,  2.39608165e+01,
        -2.66932412e+00, -3.28445834e+00,  7.53094099e+00,
        -1.25895426e-03,  4.30307908e-01,  3.35670962e+01,
         8.38025376e+01],
       [ 1.36511400e-02, -2.47771956e-04, -1.33163467e-02,
         4.91596050e-04,  1.42207655e-03, -1.25895426e-03,
         1.63834523e-05,  1.19683150e-02,  6.01406262e-03,
        -1.39043793e-02],
       [ 5.49769338e+01, -1.06396247e+00, -5.53102099e-01,
        -7.80210247e-01, -9.68793976e-01,  4.30307908e-01,
         1.19683150e-02,  1.19933703e+02,  5.14052316e+01,
         8.26336078e+01],
       [ 9.09793223e+02, -6.39749889e+00,  3.18095871e+02,
        -2.35578615e+01, -3.52086424e+01,  3.35670962e+01,
         6.01406262e-03,  5.14052316e+01,  1.23412847e+03,
         1.85060181e+03],
       [ 1.53559628e+03, -9.89798873e+00,  6.37709718e+02,
        -5.53221919e+01, -8.79067971e+01,  8.38025376e+01,
        -1.39043793e-02,  8.26336078e+01,  1.85060181e+03,
         5.93134321e+03]]), array([[ 1.08071698e+03, -7.06224312e+00, -4.13223544e-08,
        -6.05957271e-09,  6.63680347e-08,  3.45854873e-09,
         1.42983208e-02,  6.47336850e+01,  1.00618229e+03,
         1.71495016e+03],
       [-7.06224312e+00,  6.77331040e-02,  1.67567650e-10,
         1.30719772e-10, -5.92708087e-10, -4.74395268e-11,
        -2.58789888e-04, -1.31265989e+00, -7.53607323e+00,
        -1.15535847e+01],
       [-4.13223544e-08,  1.67567650e-10,  2.68659044e-15,
        -1.22307968e-16, -9.09402621e-17,  1.16380713e-16,
         3.86534911e-17,  1.44111942e-10, -8.08159441e-08,
         5.18090811e-08],
       [-6.05957271e-09,  1.30719772e-10, -1.22307968e-16,
         2.57419349e-16,  2.55883607e-16, -1.37275885e-16,
        -3.98100477e-17, -1.58922188e-10, -3.55018863e-09,
        -2.27192472e-08],
       [ 6.63680347e-08, -5.92708087e-10, -9.09402621e-17,
         2.55883607e-16,  1.93142814e-15, -2.52786215e-16,
         3.14548136e-18, -9.60932224e-11,  1.24350270e-07,
         5.20162609e-08],
       [ 3.45854873e-09, -4.74395268e-11,  1.16380713e-16,
        -1.37275885e-16, -2.52786215e-16,  4.09458334e-16,
         4.41479203e-17,  3.15261932e-11, -1.24416059e-08,
        -8.06131976e-09],
       [ 1.42983208e-02, -2.58789888e-04,  3.86534911e-17,
        -3.98100477e-17,  3.14548136e-18,  4.41479203e-17,
         9.72400439e-06,  1.26635376e-02,  1.42441097e-02,
         2.33108872e-02],
       [ 6.47336850e+01, -1.31265989e+00,  1.44111942e-10,
        -1.58922188e-10, -9.60932224e-11,  3.15261932e-11,
         1.26635376e-02,  1.28010223e+02,  6.69228877e+01,
         1.13769482e+02],
       [ 1.00618229e+03, -7.53607323e+00, -8.08159441e-08,
        -3.55018863e-09,  1.24350270e-07, -1.24416059e-08,
         1.42441097e-02,  6.69228877e+01,  1.22955169e+03,
         1.81167201e+03],
       [ 1.71495016e+03, -1.15535847e+01,  5.18090811e-08,
        -2.27192472e-08,  5.20162609e-08, -8.06131976e-09,
         2.33108872e-02,  1.13769482e+02,  1.81167201e+03,
         5.94254700e+03]])]

 number of difficult parameters
125

 difficult parameters
[[0, 1, -1, 1, 0, 1, -1, 1, 1, 1], [1, -1, -1, 1, 0, 1, 0, 1, 0, 1], [1, -1, 0, 0, 1, -1, -1, 1, -1, 0], [0, -1, 1, -1, -1, 1, 0, 1, 1, -1], [1, -1, 0, 0, 0, 1, -1, 0, 0, 0], [1, 0, 0, 1, 1, 0, 1, 1, 0, 0], [1, 0, -1, -1, 1, 0, 1, 0, 0, 0], [1, -1, 1, 0, 1, 1, 0, 0, -1, 1], [-1, -1, 0, -1, 1, -1, 0, 1, 1, 0], [0, 0, 1, 1, 1, -1, 1, 1, 0, 0], [-1, -1, -1, 0, 0, 0, -1, 1, 1, 0], [-1, 1, -1, 0, -1, 0, -1, 1, 0, 1], [0, -1, 1, 0, 0, 0, -1, 1, 1, 0], [0, -1, 0, -1, -1, 0, -1, 0, -1, 0], [1, 0, 0, 0, 1, -1, 1, 0, 0, 1], [1, 1, -1, 1, -1, 0, -1, 0, -1, 0], [1, -1, -1, 0, 1, 0, -1, 1, 0, 0], [0, -1, 1, 1, 1, 0, 0, 1, 0, 1], [-1, 1, 1, 1, 1, 1, -1, 1, -1, 1], [0, -1, 1, -1, 0, 0, 1, 1, -1, 1], [0, 1, 0, -1, 1, -1, -1, 0, 0, 1], [1, 0, 1, -1, 1, 0, 0, 1, 1, -1], [1, 1, 0, 1, 0, -1, -1, 1, 1, 1], [-1, 1, 0, 0, 1, -1, 0, 0, -1, 1], [-1, 1, 1, 1, -1, 1, 0, 1, 0, 0], [1, 1, -1, -1, 1, -1, 0, 0, 1, 1], [0, -1, 1, 1, 1, 1, 0, 1, 1, 0], [1, 0, 0, 0, -1, -1, -1, 1, 0, 0], [1, -1, 0, 1, -1, 0, 0, 1, 0, 1], [-1, 0, 1, 1, 1, 1, -1, 1, -1, 0], [1, 0, 0, 0, 1, 0, 0, 1, 1, 1], [1, 0, 0, 0, 1, -1, 0, 1, 1, 1], [-1, -1, 0, 0, -1, -1, 0, 1, 1, 0], [1, -1, -1, -1, -1, -1, -1, 1, 0, -1], [-1, 0, 1, -1, -1, 0, 1, 1, -1, 1], [1, 1, -1, -1, 1, -1, 1, 1, 1, 0], [0, -1, -1, 1, 0, 1, -1, 1, -1, 0], [1, -1, 0, 1, 0, 0, 0, 0, -1, 0], [1, -1, 0, 0, -1, 0, 1, 1, 1, 0], [-1, 1, 1, 0, -1, 1, 1, 1, 1, 0], [0, -1, -1, 1, 0, -1, 1, 1, 1, 1], [0, 0, 1, 0, 1, -1, -1, 1, 1, 0], [-1, -1, 1, 1, 1, 1, 1, 1, 0, 1], [-1, 1, 1, 0, 0, 1, -1, 1, -1, 1], [-1, 1, 1, -1, -1, 1, 0, 0, 1, 0], [1, -1, -1, 0, 0, 1, 1, 1, -1, 1], [1, -1, 1, 1, 1, 1, 0, 1, 0, 0], [1, 1, -1, 1, 0, 1, 1, 1, 1, 0], [0, 1, 1, -1, 1, -1, -1, -1, 1, -1], [1, 1, 0, 1, 0, -1, 1, 1, -1, 0], [-1, 1, 1, 1, 1, -1, -1, 1, -1, 1], [1, -1, 0, 0, 1, 0, 0, 1, 0, 0], [0, -1, 1, -1, -1, 0, 0, 0, -1, 0], [-1, 0, 0, 0, 1, -1, 0, 1, -1, 0], [-1, 0, 1, 0, 0, 0, 0, 0, 0, 1], [-1, -1, -1, 0, 1, 0, 1, 0, 1, 0], [0, -1, -1, 1, 1, 0, 0, 0, 1, 1], [-1, 1, -1, 0, 1, 1, 1, 1, 0, 0], [1, 1, 0, 1, -1, 1, 0, 0, 0, 1], [-1, 1, 0, 0, 1, 0, 0, 0, 1, 0], [-1, 1, 1, 1, 1, 1, 1, 1, -1, 1], [0, -1, -1, 1, 1, 1, -1, 1, 1, -1], [-1, 1, 1, 1, -1, 1, -1, 0, 0, 1], [-1, 1, -1, 0, 1, 1, 1, 0, 0, 1], [1, -1, -1, -1, 0, -1, 1, 1, 0, 1], [1, 0, -1, 0, 1, 0, 0, 1, 0, 1], [1, -1, -1, 0, -1, -1, -1, 0, -1, -1], [-1, 0, 1, 0, -1, 1, 1, 0, 0, 0], [1, 1, 0, -1, -1, 1, -1, 1, 0, 0], [-1, -1, -1, 1, -1, 1, -1, 0, 0, 0], [0, 0, 0, -1, 1, 1, -1, 1, -1, 0], [0, -1, -1, 1, 0, 0, -1, 1, 0, 1], [0, 0, -1, -1, 0, -1, 1, 0, 0, 1], [-1, 1, -1, 1, 1, -1, 1, 0, 1, 0], [1, 1, 1, 0, 1, 1, 0, 1, -1, 0], [-1, 0, 0, 1, -1, 1, 0, 0, -1, 1], [0, -1, 0, 0, 0, 0, 0, 0, 0, 0], [0, -1, -1, 1, -1, 0, -1, 1, -1, 0], [1, -1, 1, -1, 0, -1, -1, 1, 1, 1], [0, -1, 1, -1, -1, -1, -1, 0, 0, 0], [0, -1, -1, 0, 0, 0, 0, 0, 1, 1], [0, 1, 1, -1, 1, 0, 1, 0, 1, 0], [-1, -1, 0, 1, 0, 0, 1, 0, -1, 1], [1, -1, 0, 1, 0, -1, 1, 1, 1, 0], [-1, -1, 1, 0, 1, 1, 0, 0, 0, 0], [0, 1, 1, 1, 1, 0, -1, 1, 1, 1], [0, -1, 1, 0, -1, 1, 1, 0, 0, 1], [1, 1, 0, -1, -1, -1, -1, 0, -1, 1], [1, -1, 1, 0, -1, 0, 1, 1, 0, 1], [1, 0, -1, 0, -1, 1, 0, 1, 1, -1], [-1, 0, 0, -1, 1, -1, -1, 1, -1, 0], [-1, 0, 1, -1, 1, -1, 1, 0, 0, 0], [1, 1, 0, 1, 0, 0, 1, 1, 1, -1], [0, -1, 1, 0, -1, 1, 1, 0, 0, 1], [1, -1, 1, -1, -1, -1, 0, 1, -1, 1], [1, 1, -1, 0, -1, -1, 0, 1, -1, 1], [0, -1, -1, -1, 0, 1, 1, 0, 0, 1], [-1, 0, -1, -1, 1, 0, 1, 1, 0, 1], [0, -1, 1, 0, 0, -1, -1, 1, 0, 0], [-1, -1, 0, 1, 0, 0, 0, 1, 0, 1], [0, 0, 0, 0, 0, 1, 0, 1, -1, 0], [1, 1, -1, 0, 0, 0, -1, 1, 0, 1], [-1, 1, 1, 1, -1, 0, -1, 0, 1, 1], [0, 1, -1, 1, 1, 1, -1, 1, 0, 1], [0, 0, 1, 1, -1, 1, -1, 1, 1, -1], [-1, 0, 1, 0, 1, 0, 1, 1, 0, 1], [0, 0, 1, 1, 0, 1, 1, 1, -1, 1], [1, 1, 0, 1, -1, 1, 1, 1, -1, 1], [1, 0, 1, 1, 1, 1, 1, 1, 1, -1], [1, -1, 0, 1, 0, -1, 0, 0, -1, 1], [-1, -1, 1, 0, 1, 1, 1, 1, 0, 0], [1, 0, 1, -1, 1, -1, -1, 1, 1, 0], [1, 0, -1, 0, 0, 1, 1, 0, 0, -1], [1, 0, 1, 0, 1, 0, -1, 0, 0, 1], [0, 1, 1, 0, 1, 1, -1, 0, 0, 0], [1, 1, 1, 1, -1, 0, 1, 0, 0, 1], [0, 1, 1, -1, -1, -1, 0, 1, 0, 0], [0, 0, 1, 0, 0, 1, 0, 1, 1, 0], [1, 1, 1, 0, 0, 0, 0, 1, 1, 1], [-1, 0, 0, -1, 0, -1, 0, 0, 0, 0], [1, -1, 0, 1, 0, 0, 1, 1, 1, 1], [1, -1, 1, 1, 1, 0, -1, 1, -1, 1], [1, 0, 0, 0, 1, 0, 0, 1, 1, 1], [1, -1, 0, 0, 1, 1, 1, 1, 0, 0], [1, 1, -1, 1, 0, -1, -1, 1, 1, 1]]
