solve time: 2.1819820404052734

 number of processors: 2

 number of functions evaluations
[10.0, 10.0, 10.0]

 variance
[array([[2.03345034e+02, 1.67232105e-02, 5.21292194e+02, 6.07348802e+01,
        7.16673532e+01, 1.20614513e+03, 1.77906788e-11, 2.69032739e-04,
        1.02525147e-03, 2.92395107e-01],
       [1.67232105e-02, 1.37270109e-06, 4.28094979e-02, 5.00576975e-03,
        5.89981299e-03, 9.91939179e-02, 9.38034117e-17, 1.64694158e-08,
        8.40030597e-08, 2.39782870e-05],
       [5.21292194e+02, 4.28094979e-02, 1.33453365e+03, 1.56112510e+02,
        1.83865519e+02, 3.09293194e+03, 9.17463829e-12, 1.87859667e-04,
        2.61212104e-03, 7.47304393e-01],
       [6.07348802e+01, 5.00576975e-03, 1.56112510e+02, 1.79930825e+01,
        2.13588165e+01, 3.60021587e+02, 1.54417032e-11, 5.91781370e-04,
        3.12680979e-04, 8.79459866e-02],
       [7.16673532e+01, 5.89981299e-03, 1.83865519e+02, 2.13588165e+01,
        2.46274732e+01, 4.25107886e+02, 8.85330070e-12, 2.09712017e-04,
        3.63328025e-04, 1.03310099e-01],
       [1.20614513e+03, 9.91939179e-02, 3.09293194e+03, 3.60021587e+02,
        4.25107886e+02, 7.15061558e+03, 8.79776631e-11, 3.55199809e-03,
        6.10585859e-03, 1.73586100e+00],
       [1.77906788e-11, 9.38034117e-17, 9.17463829e-12, 1.54417032e-11,
        8.85330070e-12, 8.79776631e-11, 7.65692321e-20, 7.38423461e-19,
        9.40168472e-19, 1.67225518e-17],
       [2.69032739e-04, 1.64694158e-08, 1.87859667e-04, 5.91781370e-04,
        2.09712017e-04, 3.55199809e-03, 7.38423461e-19, 4.54612887e-06,
        1.19869085e-08, 4.42634871e-08],
       [1.02525147e-03, 8.40030597e-08, 2.61212104e-03, 3.12680979e-04,
        3.63328025e-04, 6.10585859e-03, 9.40168472e-19, 1.19869085e-08,
        5.00970764e-09, 1.45268792e-06],
       [2.92395107e-01, 2.39782870e-05, 7.47304393e-01, 8.79459866e-02,
        1.03310099e-01, 1.73586100e+00, 1.67225518e-17, 4.42634871e-08,
        1.45268792e-06, 4.17556833e-04]]), array([[2.99310309e+06, 7.50122700e+01, 1.15375644e+02, 2.95803058e+01,
        3.61844172e+02, 3.83477194e+02, 5.21992099e-05, 1.24450803e+03,
        2.65939854e+06, 2.07111487e+06],
       [7.50122700e+01, 6.86142530e-03, 2.88604882e-03, 2.38042896e-03,
        3.20297735e-03, 9.45746414e-03, 7.30989087e-10, 1.61879477e+00,
        2.30434854e+02, 1.39118093e+02],
       [1.15375644e+02, 2.88604882e-03, 1.41748448e+02, 2.34280945e+01,
        2.75735268e+01, 4.64276181e+02, 7.94016625e-11, 4.55224806e-01,
        3.23483897e+02, 9.64739027e+04],
       [2.95803058e+01, 2.38042896e-03, 2.34280945e+01, 3.83855138e+00,
        4.54165968e+00, 7.65969327e+01, 1.15806115e-10, 2.14833287e+00,
        1.12736734e+02, 1.54845111e+04],
       [3.61844172e+02, 3.20297735e-03, 2.75735268e+01, 4.54165968e+00,
        5.36177289e+00, 9.02791320e+01, 3.55990609e-10, 7.64261771e-01,
        3.76710576e+02, 1.81445945e+04],
       [3.83477194e+02, 9.45746414e-03, 4.64276181e+02, 7.65969327e+01,
        9.02791320e+01, 1.51912690e+03, 3.87283190e-10, 1.26279784e+01,
        1.06730491e+03, 3.15876402e+05],
       [5.21992099e-05, 7.30989087e-10, 7.94016625e-11, 1.15806115e-10,
        3.55990609e-10, 3.87283190e-10, 9.87974515e-16, 1.52968882e-11,
        2.05886914e-05, 3.25478448e-05],
       [1.24450803e+03, 1.61879477e+00, 4.55224806e-01, 2.14833287e+00,
        7.64261771e-01, 1.26279784e+01, 1.52968882e-11, 1.36528730e+05,
        1.10519845e+03, 2.36022896e+03],
       [2.65939854e+06, 2.30434854e+02, 3.23483897e+02, 1.12736734e+02,
        3.76710576e+02, 1.06730491e+03, 2.05886914e-05, 1.10519845e+03,
        8.12643175e+06, 4.80705486e+06],
       [2.07111487e+06, 1.39118093e+02, 9.64739027e+04, 1.54845111e+04,
        1.81445945e+04, 3.15876402e+05, 3.25478448e-05, 2.36022896e+03,
        4.80705486e+06, 6.90100679e+07]]), array([[2.99914456e+06, 7.52198793e+01, 8.03002524e-16, 5.32481715e-16,
        7.79334457e-16, 3.87415970e-14, 5.59322987e-05, 1.01741083e+03,
        2.65517580e+06, 2.07254638e+06],
       [7.52198793e+01, 6.87245942e-03, 2.13830444e-20, 1.42230349e-20,
        2.05906086e-20, 1.03351856e-18, 7.79151488e-10, 1.43281724e+00,
        2.31094937e+02, 1.38061801e+02],
       [8.03002524e-16, 2.13830444e-20, 6.34332724e-34, 4.19687148e-34,
        6.03765490e-34, 3.06272482e-32, 1.83467190e-34, 1.27997802e-25,
        7.91370078e-16, 2.27212184e-13],
       [5.32481715e-16, 1.42230349e-20, 4.19687148e-34, 2.77673001e-34,
        3.99463121e-34, 2.02635853e-32, 3.57456331e-34, 8.46783398e-26,
        5.26254450e-16, 1.50358781e-13],
       [7.79334457e-16, 2.05906086e-20, 6.03765490e-34, 3.99463121e-34,
        5.74648236e-34, 2.91515093e-32, 5.28821680e-33, 1.27143626e-25,
        7.68813921e-16, 2.16446316e-13],
       [3.87415970e-14, 1.03351856e-18, 3.06272482e-32, 2.02635853e-32,
        2.91515093e-32, 1.47876279e-30, 4.24073142e-34, 6.17184936e-24,
        3.82206054e-14, 1.09703285e-11],
       [5.59322987e-05, 7.79151488e-10, 1.83467190e-34, 3.57456331e-34,
        5.28821680e-33, 4.24073142e-34, 1.13109521e-15, 1.41648468e-11,
        2.19728694e-05, 3.37968545e-05],
       [1.01741083e+03, 1.43281724e+00, 1.27997802e-25, 8.46783398e-26,
        1.27143626e-25, 6.17184936e-24, 1.41648468e-11, 1.17256252e+05,
        9.23196846e+02, 1.89761629e+03],
       [2.65517580e+06, 2.31094937e+02, 7.91370078e-16, 5.26254450e-16,
        7.68813921e-16, 3.82206054e-14, 2.19728694e-05, 9.23196846e+02,
        8.11865474e+06, 4.81130100e+06],
       [2.07254638e+06, 1.38061801e+02, 2.27212184e-13, 1.50358781e-13,
        2.16446316e-13, 1.09703285e-11, 3.37968545e-05, 1.89761629e+03,
        4.81130100e+06, 8.14930879e+07]])]

 max variance
[7150.615580540394, 69010067.93794528, 81493087.93691376]

 cost matrix
[array([[ 4.64299479e+00, -4.14819278e-02, -7.32550594e+00,
         2.62099910e+00,  2.78680278e+00, -1.13443221e+01,
         8.03539848e-07,  6.21376747e-03,  9.81261737e-03,
         1.70551435e-01],
       [-4.14819278e-02,  3.74062908e-04,  6.59128295e-02,
        -2.31555402e-02, -2.47958286e-02,  1.01356524e-01,
        -1.94785766e-09, -4.97378838e-05, -8.91563872e-05,
        -1.54453458e-03],
       [-7.32550594e+00,  6.59128295e-02,  1.16364665e+01,
        -4.07789834e+00, -4.38233014e+00,  1.78726914e+01,
        -6.99304849e-07, -5.76549997e-03, -1.58991845e-02,
        -2.72987104e-01],
       [ 2.62099910e+00, -2.31555402e-02, -4.07789834e+00,
         1.54860226e+00,  1.58971286e+00, -6.43537985e+00,
         9.23492176e-07,  8.60454367e-03,  5.11125959e-03,
         9.30622810e-02],
       [ 2.78680278e+00, -2.47958286e-02, -4.38233014e+00,
         1.58971286e+00,  1.94034708e+00, -6.81125316e+00,
         1.83870589e-07,  5.30678707e-03,  5.76723810e-03,
         1.01244813e-01],
       [-1.13443221e+01,  1.01356524e-01,  1.78726914e+01,
        -6.43537985e+00, -6.81125316e+00,  2.77920926e+01,
        -2.53650413e-06, -2.08815482e-02, -2.36167169e-02,
        -4.14993379e-01],
       [ 8.03539848e-07, -1.94785766e-09, -6.99304849e-07,
         9.23492176e-07,  1.83870589e-07, -2.53650413e-06,
         1.07815728e-10,  2.96214766e-10,  4.26091899e-10,
         1.96555295e-09],
       [ 6.21376747e-03, -4.97378838e-05, -5.76549997e-03,
         8.60454367e-03,  5.30678707e-03, -2.08815482e-02,
         2.96214766e-10,  6.95655028e-04, -3.41076683e-05,
        -3.38804660e-05],
       [ 9.81261737e-03, -8.91563872e-05, -1.58991845e-02,
         5.11125959e-03,  5.76723810e-03, -2.36167169e-02,
         4.26091899e-10, -3.41076683e-05,  2.43501885e-05,
         3.84550804e-04],
       [ 1.70551435e-01, -1.54453458e-03, -2.72987104e-01,
         9.30622810e-02,  1.01244813e-01, -4.14993379e-01,
         1.96555295e-09, -3.38804660e-05,  3.84550804e-04,
         6.46771798e-03]]), array([[ 9.81522852e+02, -5.34409811e+00,  5.23835544e+00,
        -4.58644625e+00, -9.95431220e+00,  9.54148163e+00,
         2.38909996e-03,  1.63523656e+01,  1.00701821e+03,
         1.25278477e+03],
       [-5.34409811e+00,  4.75114901e-02, -2.52129287e-02,
         3.03062584e-02,  3.89244542e-02, -4.61270620e-02,
        -1.13446633e-05, -6.08121107e-01, -7.19218283e+00,
        -8.06579430e+00],
       [ 5.23835544e+00, -2.52129287e-02,  3.81267868e+00,
        -1.59419762e+00, -1.71436564e+00,  6.96186532e+00,
         9.38859111e-07,  2.64565237e-01,  7.39422801e+00,
         1.04346291e+02],
       [-4.58644625e+00,  3.03062584e-02, -1.59419762e+00,
         7.16857895e-01,  7.33197671e-01, -2.96057997e+00,
        -1.12481754e-06, -5.78072838e-01, -6.57931375e+00,
        -5.18889478e+01],
       [-9.95431220e+00,  3.89244542e-02, -1.71436564e+00,
         7.33197671e-01,  9.49936638e-01, -3.14112830e+00,
        -5.67691583e-06, -3.44533656e-01, -1.03764795e+01,
        -5.55407827e+01],
       [ 9.54148163e+00, -4.61270620e-02,  6.96186532e+00,
        -2.96057997e+00, -3.14112830e+00,  1.27955054e+01,
        -2.94847329e-07,  1.17203550e+00,  1.30907370e+01,
         1.92824826e+02],
       [ 2.38909996e-03, -1.13446633e-05,  9.38859111e-07,
        -1.12481754e-06, -5.67691583e-06, -2.94847329e-07,
         1.07677177e-08,  1.91545773e-06,  1.56973250e-03,
         1.97556167e-03],
       [ 1.63523656e+01, -6.08121107e-01,  2.64565237e-01,
        -5.78072838e-01, -3.44533656e-01,  1.17203550e+00,
         1.91545773e-06,  1.74611521e+02,  1.59673930e+01,
         2.36882383e+01],
       [ 1.00701821e+03, -7.19218283e+00,  7.39422801e+00,
        -6.57931375e+00, -1.03764795e+01,  1.30907370e+01,
         1.56973250e-03,  1.59673930e+01,  1.36181491e+03,
         1.48059697e+03],
       [ 1.25278477e+03, -8.06579430e+00,  1.04346291e+02,
        -5.18889478e+01, -5.55407827e+01,  1.92824826e+02,
         1.97556167e-03,  2.36882383e+01,  1.48059697e+03,
         5.90416912e+03]]), array([[ 9.92081599e+02, -5.38663634e+00,  8.93592307e-09,
        -7.19487240e-09, -8.12425714e-09,  6.22888669e-08,
         2.48865364e-03,  1.49707470e+01,  1.01263431e+03,
         1.33559741e+03],
       [-5.38663634e+00,  4.74873604e-02, -4.64940012e-11,
         3.69370956e-11,  4.32841391e-11, -3.21406744e-10,
        -1.16181334e-05, -5.73315493e-01, -7.21730277e+00,
        -8.46745171e+00],
       [ 8.93592307e-09, -4.64940012e-11,  7.96452379e-18,
        -6.47832863e-18, -7.77040270e-18,  5.53418684e-17,
         2.65955895e-18,  1.12259048e-13,  8.91600753e-09,
         1.50732955e-07],
       [-7.19487240e-09,  3.69370956e-11, -6.47832863e-18,
         5.26949151e-18,  6.32044074e-18, -4.50150847e-17,
         3.98246232e-18, -9.13485502e-14, -7.08995032e-09,
        -1.22493424e-07],
       [-8.12425714e-09,  4.32841391e-11, -7.77040270e-18,
         6.32044074e-18,  7.58237953e-18, -5.39919476e-17,
        -1.73243698e-17, -1.49213302e-13, -8.06416279e-09,
        -1.46505413e-07],
       [ 6.22888669e-08, -3.21406744e-10,  5.53418684e-17,
        -4.50150847e-17, -5.39919476e-17,  3.84546872e-16,
         4.51244427e-18,  7.84711394e-13,  6.18396473e-08,
         1.04740463e-06],
       [ 2.48865364e-03, -1.16181334e-05,  2.65955895e-18,
         3.98246232e-18, -1.73243698e-17,  4.51244427e-18,
         1.13958371e-08,  1.83733302e-06,  1.62961277e-03,
         2.20046874e-03],
       [ 1.49707470e+01, -5.73315493e-01,  1.12259048e-13,
        -9.13485502e-14, -1.49213302e-13,  7.84711394e-13,
         1.83733302e-06,  1.62251355e+02,  1.45620371e+01,
         2.16964145e+01],
       [ 1.01263431e+03, -7.21730277e+00,  8.91600753e-09,
        -7.08995032e-09, -8.06416279e-09,  6.18396473e-08,
         1.62961277e-03,  1.45620371e+01,  1.36180868e+03,
         1.49457685e+03],
       [ 1.33559741e+03, -8.46745171e+00,  1.50732955e-07,
        -1.22493424e-07, -1.46505413e-07,  1.04740463e-06,
         2.20046874e-03,  2.16964145e+01,  1.49457685e+03,
         6.16475740e+03]])]

 number of difficult parameters
0

 difficult parameters
[]
