solve time: 61.51732611656189

 number of processors: 8

 number of functions evaluations
[885.0, 885.0, 885.0]

 variance
[array([[2.85213968e+05, 8.71113596e+01, 1.95015648e+06, 6.59426495e+03,
        1.22709752e+04, 1.73285487e+04, 2.32376478e-02, 1.61141953e+04,
        1.65870018e+04, 6.40726643e+05],
       [8.71113596e+01, 4.27542650e-02, 7.02600900e+02, 1.80633226e+00,
        3.35685442e+00, 5.19222484e+00, 1.03332529e-05, 1.62754673e+01,
        8.98089574e+00, 3.01207201e+02],
       [1.95015648e+06, 7.02600900e+02, 1.46450723e+07, 4.44486896e+04,
        8.36591073e+04, 1.01535026e+05, 2.08854742e-01, 1.80709595e+05,
        1.69176071e+05, 7.74996884e+06],
       [6.59426495e+03, 1.80633226e+00, 4.44486896e+04, 8.22961525e+02,
        8.68479513e+01, 8.80787882e+02, 9.23330319e-04, 1.36358487e+02,
        4.91129295e+02, 1.88056461e+04],
       [1.22709752e+04, 3.35685442e+00, 8.36591073e+04, 8.68479513e+01,
        3.44907140e+03, 1.04337402e+03, 1.14242496e-03, 3.77128829e+02,
        5.37906103e+02, 2.99211755e+04],
       [1.73285487e+04, 5.19222484e+00, 1.01535026e+05, 8.80787882e+02,
        1.04337402e+03, 1.06656311e+04, 3.10537664e-03, 1.13572313e+03,
        1.87809826e+03, 8.32633102e+04],
       [2.32376478e-02, 1.03332529e-05, 2.08854742e-01, 9.23330319e-04,
        1.14242496e-03, 3.10537664e-03, 1.68643639e-08, 2.01519334e-03,
        3.89177720e-03, 3.78945520e-01],
       [1.61141953e+04, 1.62754673e+01, 1.80709595e+05, 1.36358487e+02,
        3.77128829e+02, 1.13572313e+03, 2.01519334e-03, 1.35550605e+04,
        3.77564615e+03, 7.37843841e+03],
       [1.65870018e+04, 8.98089574e+00, 1.69176071e+05, 4.91129295e+02,
        5.37906103e+02, 1.87809826e+03, 3.89177720e-03, 3.77564615e+03,
        5.06555150e+03, 2.29309807e+05],
       [6.40726643e+05, 3.01207201e+02, 7.74996884e+06, 1.88056461e+04,
        2.99211755e+04, 8.32633102e+04, 3.78945520e-01, 7.37843841e+03,
        2.29309807e+05, 3.28465280e+07]]), array([[3.67646550e+06, 1.55671279e+02, 1.85625441e+04, 9.47846042e+02,
        1.85264332e+03, 5.35983058e+03, 4.18775923e-03, 4.45050033e+04,
        1.67619953e+06, 3.73230576e+06],
       [1.55671279e+02, 1.75813366e-02, 7.57516595e-01, 4.83526399e-02,
        7.13625741e-02, 2.52430078e-01, 1.71264918e-06, 1.90536341e+01,
        1.51858803e+02, 2.33837368e+02],
       [1.85625441e+04, 7.57516595e-01, 3.28714957e+06, 1.17418144e+04,
        8.65369968e+03, 1.86214632e+04, 1.52423379e-02, 1.10921239e+04,
        1.19731590e+06, 3.43075285e+06],
       [9.47846042e+02, 4.83526399e-02, 1.17418144e+04, 3.18224206e+02,
        2.30138861e+01, 2.41307032e+02, 9.15310161e-05, 5.50059288e+01,
        5.35745498e+03, 2.36852815e+04],
       [1.85264332e+03, 7.13625741e-02, 8.65369968e+03, 2.30138861e+01,
        3.12174963e+02, 2.09814667e+02, 7.96354936e-05, 9.24090370e+01,
        7.14217412e+03, 2.97789002e+04],
       [5.35983058e+03, 2.52430078e-01, 1.86214632e+04, 2.41307032e+02,
        2.09814667e+02, 2.06204063e+03, 1.53639271e-04, 3.71681549e+02,
        2.27290198e+04, 6.42963866e+04],
       [4.18775923e-03, 1.71264918e-06, 1.52423379e-02, 9.15310161e-05,
        7.96354936e-05, 1.53639271e-04, 8.42240807e-09, 1.30376661e-02,
        8.59719363e-03, 8.48861524e-02],
       [4.45050033e+04, 1.90536341e+01, 1.10921239e+04, 5.50059288e+01,
        9.24090370e+01, 3.71681549e+02, 1.30376661e-02, 2.33415591e+05,
        5.24250720e+04, 1.25937177e+05],
       [1.67619953e+06, 1.51858803e+02, 1.19731590e+06, 5.35745498e+03,
        7.14217412e+03, 2.27290198e+04, 8.59719363e-03, 5.24250720e+04,
        3.90018317e+06, 3.74048284e+06],
       [3.73230576e+06, 2.33837368e+02, 3.43075285e+06, 2.36852815e+04,
        2.97789002e+04, 6.42963866e+04, 8.48861524e-02, 1.25937177e+05,
        3.74048284e+06, 3.54156361e+07]]), array([[3.69092705e+06, 1.59140179e+02, 1.63610750e-11, 2.44284857e-12,
        9.69430356e-13, 1.81384430e-12, 3.70985359e-03, 4.59905866e+04,
        1.76802209e+06, 3.72778629e+06],
       [1.59140179e+02, 1.90460823e-02, 3.03622512e-16, 7.71407495e-17,
        1.27637146e-16, 4.92793672e-17, 1.55688171e-06, 2.04104649e+01,
        1.77947283e+02, 2.54014805e+02],
       [1.63610750e-11, 3.03622512e-16, 4.22699014e-25, 4.70215204e-26,
        3.26126330e-27, 4.30409870e-26, 1.50701043e-28, 8.99940994e-18,
        3.91120322e-11, 9.58612161e-11],
       [2.44284857e-12, 7.71407495e-17, 4.70215204e-26, 5.45906863e-27,
        3.90855077e-28, 4.71737557e-27, 2.21854501e-30, 6.38982247e-18,
        6.39736554e-12, 1.27706516e-11],
       [9.69430356e-13, 1.27637146e-16, 3.26126330e-27, 3.90855077e-28,
        6.99871495e-29, 3.32487157e-28, 1.40856159e-30, 3.41651312e-14,
        2.47070771e-12, 3.69901913e-12],
       [1.81384430e-12, 4.92793672e-17, 4.30409870e-26, 4.71737557e-27,
        3.32487157e-28, 4.51145107e-27, 1.93854887e-31, 1.93149836e-16,
        4.85887043e-12, 1.28924496e-11],
       [3.70985359e-03, 1.55688171e-06, 1.50701043e-28, 2.21854501e-30,
        1.40856159e-30, 1.93854887e-31, 3.52620091e-09, 1.11412200e-02,
        4.19595633e-03, 1.26779488e-02],
       [4.59905866e+04, 2.04104649e+01, 8.99940994e-18, 6.38982247e-18,
        3.41651312e-14, 1.93149836e-16, 1.11412200e-02, 2.00033225e+05,
        5.31941607e+04, 1.24045419e+05],
       [1.76802209e+06, 1.77947283e+02, 3.91120322e-11, 6.39736554e-12,
        2.47070771e-12, 4.85887043e-12, 4.19595633e-03, 5.31941607e+04,
        4.14513627e+06, 3.89886101e+06],
       [3.72778629e+06, 2.54014805e+02, 9.58612161e-11, 1.27706516e-11,
        3.69901913e-12, 1.28924496e-11, 1.26779488e-02, 1.24045419e+05,
        3.89886101e+06, 3.86806140e+07]])]

 max variance
[32846528.001703348, 35415636.13946318, 38680614.02170329]

 cost matrix
[array([[ 1.93121678e+02, -3.35648148e+00, -5.09130772e+02,
         2.19493186e+01,  2.96524219e+01, -3.52077382e+01,
         2.98867066e-02,  1.97160406e+01,  1.27915335e+01,
         5.91550484e+01],
       [-3.35648148e+00,  6.61315702e-02,  9.32691283e+00,
        -3.57605720e-01, -4.86822161e-01,  5.61419512e-01,
        -6.07803023e-04, -6.05896700e-01,  7.35558944e-03,
        -5.82691312e-02],
       [-5.09130772e+02,  9.32691283e+00,  1.38712937e+03,
        -5.60191930e+01, -7.65001110e+01,  8.49086222e+01,
        -8.69197110e-02, -6.45330035e+01, -1.24883926e+01,
        -3.96567159e+01],
       [ 2.19493186e+01, -3.57605720e-01, -5.60191930e+01,
         6.14438532e+00,  3.30823103e+00, -8.44340152e+00,
         4.28815719e-03,  1.78764918e+00,  1.22108847e+00,
         4.22461735e+00],
       [ 2.96524219e+01, -4.86822161e-01, -7.65001110e+01,
         3.30823103e+00,  1.06349002e+01, -9.01554266e+00,
         4.37669038e-03,  2.51786709e+00,  1.42106355e+00,
         5.54900477e+00],
       [-3.52077382e+01,  5.61419512e-01,  8.49086222e+01,
        -8.44340152e+00, -9.01554266e+00,  2.47446666e+01,
        -6.46301369e-03, -3.42448957e+00, -1.78565444e+00,
         6.27209965e-04],
       [ 2.98867066e-02, -6.07803023e-04, -8.69197110e-02,
         4.28815719e-03,  4.37669038e-03, -6.46301369e-03,
         1.93599153e-05,  4.42416707e-03, -1.87779812e-03,
        -2.01245067e-02],
       [ 1.97160406e+01, -6.05896700e-01, -6.45330035e+01,
         1.78764918e+00,  2.51786709e+00, -3.42448957e+00,
         4.42416707e-03,  1.58921464e+01, -6.40352448e+00,
        -8.25440416e+00],
       [ 1.27915335e+01,  7.35558944e-03, -1.24883926e+01,
         1.22108847e+00,  1.42106355e+00, -1.78565444e+00,
        -1.87779812e-03, -6.40352448e+00,  1.43675631e+01,
         6.89941864e+01],
       [ 5.91550484e+01, -5.82691312e-02, -3.96567159e+01,
         4.22461735e+00,  5.54900477e+00,  6.27209965e-04,
        -2.01245067e-02, -8.25440416e+00,  6.89941864e+01,
         6.46835311e+02]]), array([[ 1.17275775e+03, -7.29114187e+00,  4.13651766e+01,
        -1.38822504e+01, -1.80557684e+01,  2.29347693e+01,
         1.07972863e-02,  5.12036889e+01,  1.00880542e+03,
         1.77455207e+03],
       [-7.29114187e+00,  6.39447185e-02, -2.57361392e-01,
         8.93143035e-02,  1.10448683e-01, -1.47090139e-01,
        -1.90652856e-04, -9.66262610e-01, -7.23473396e+00,
        -1.14117479e+01],
       [ 4.13651766e+01, -2.57361392e-01,  3.60559449e+02,
        -1.70131054e+01, -1.96467094e+01,  2.42880103e+01,
        -1.25160352e-02,  4.34642751e+00,  2.56478753e+02,
         4.77351231e+02],
       [-1.38822504e+01,  8.93143035e-02, -1.70131054e+01,
         2.78438684e+00,  1.34424347e+00, -3.43913450e+00,
         9.93961972e-04, -6.93473051e-01, -2.53319268e+01,
        -5.96997443e+01],
       [-1.80557684e+01,  1.10448683e-01, -1.96467094e+01,
         1.34424347e+00,  3.95109249e+00, -3.34916590e+00,
         8.21114466e-04, -7.18635719e-01, -3.19590160e+01,
        -7.76831467e+01],
       [ 2.29347693e+01, -1.47090139e-01,  2.42880103e+01,
        -3.43913450e+00, -3.34916590e+00,  9.21996124e+00,
        -1.29826982e-03,  8.06581463e-01,  4.13046114e+01,
         8.87379974e+01],
       [ 1.07972863e-02, -1.90652856e-04, -1.25160352e-02,
         9.93961972e-04,  8.21114466e-04, -1.29826982e-03,
         1.51569712e-05,  1.27804837e-02,  4.46372503e-03,
        -1.68755129e-02],
       [ 5.12036889e+01, -9.66262610e-01,  4.34642751e+00,
        -6.93473051e-01, -7.18635719e-01,  8.06581463e-01,
         1.27804837e-02,  1.12652905e+02,  5.20100907e+01,
         7.53423906e+01],
       [ 1.00880542e+03, -7.23473396e+00,  2.56478753e+02,
        -2.53319268e+01, -3.19590160e+01,  4.13046114e+01,
         4.46372503e-03,  5.20100907e+01,  1.29446295e+03,
         1.97352674e+03],
       [ 1.77455207e+03, -1.14117479e+01,  4.77351231e+02,
        -5.96997443e+01, -7.76831467e+01,  8.87379974e+01,
        -1.68755129e-02,  7.53423906e+01,  1.97352674e+03,
         6.19466186e+03]]), array([[ 1.25330141e+03, -8.01728954e+00,  1.08554360e-07,
        -1.81301050e-08,  2.40994778e-08,  4.15501488e-08,
         1.21086574e-02,  5.76792274e+01,  1.10744115e+03,
         1.95288701e+03],
       [-8.01728954e+00,  7.22855775e-02, -4.96926320e-10,
         1.57394967e-10, -3.54166312e-10, -1.75391943e-10,
        -1.93815332e-04, -1.07614796e+00, -8.28811461e+00,
        -1.29433897e+01],
       [ 1.08554360e-07, -4.96926320e-10,  2.51145049e-14,
        -8.39839242e-15, -2.31222464e-15,  7.34418382e-15,
         2.92309593e-16,  1.59833032e-10,  1.59192278e-07,
         1.55251663e-07],
       [-1.81301050e-08,  1.57394967e-10, -8.39839242e-15,
         3.38781843e-15,  1.00494904e-15, -2.61438562e-15,
         1.96744085e-17,  8.45579518e-11, -4.48774589e-08,
        -3.24625595e-08],
       [ 2.40994778e-08, -3.54166312e-10, -2.31222464e-15,
         1.00494904e-15,  6.91764547e-16, -8.70953283e-16,
         5.27145114e-17,  6.06292634e-09,  4.58537957e-08,
         2.43220497e-08],
       [ 4.15501488e-08, -1.75391943e-10,  7.34418382e-15,
        -2.61438562e-15, -8.70953283e-16,  2.93575023e-15,
        -7.38044065e-18, -4.62962930e-10,  6.09312495e-08,
         1.11604974e-07],
       [ 1.21086574e-02, -1.93815332e-04,  2.92309593e-16,
         1.96744085e-17,  5.27145114e-17, -7.38044065e-18,
         6.41389996e-06,  1.04520017e-02,  1.30843123e-02,
         2.07289915e-02],
       [ 5.76792274e+01, -1.07614796e+00,  1.59833032e-10,
         8.45579518e-11,  6.06292634e-09, -4.62962930e-10,
         1.04520017e-02,  9.96267564e+01,  6.09838265e+01,
         9.16525525e+01],
       [ 1.10744115e+03, -8.28811461e+00,  1.59192278e-07,
        -4.48774589e-08,  4.58537957e-08,  6.09312495e-08,
         1.30843123e-02,  6.09838265e+01,  1.31244544e+03,
         1.99027104e+03],
       [ 1.95288701e+03, -1.29433897e+01,  1.55251663e-07,
        -3.24625595e-08,  2.43220497e-08,  1.11604974e-07,
         2.07289915e-02,  9.16525525e+01,  1.99027104e+03,
         6.34892010e+03]])]

 number of difficult parameters
115

 difficult parameters
[[0, -1, 1, 0, -1, -1, -1, 1, 1, 0], [0, 1, 1, 0, -1, -1, 1, 0, 1, 1], [1, 0, -1, 0, 1, 1, 0, 1, 1, 1], [0, 0, 0, 1, 1, -1, 1, 1, 1, 0], [0, -1, 0, 0, 1, 0, 0, 1, 0, 1], [1, 0, -1, -1, 0, -1, -1, 0, -1, -1], [1, 1, -1, 1, -1, 0, 0, 0, -1, -1], [0, -1, 1, 0, 0, 1, -1, 0, -1, 0], [-1, 1, 1, -1, 0, 1, 1, 0, -1, 0], [-1, 0, 1, 1, 1, -1, 0, 1, 0, 1], [0, 1, -1, 1, 1, 0, 0, 1, -1, 1], [1, -1, 1, 0, 0, -1, 1, 1, -1, 1], [-1, 1, 1, -1, -1, 0, 0, 0, 1, 0], [0, -1, -1, 1, 1, -1, -1, 1, -1, 1], [1, -1, 0, -1, 0, -1, 0, 1, 0, -1], [0, 1, 1, 0, 1, 0, 1, 0, 0, 1], [-1, 0, 1, 0, 1, -1, 0, 1, 0, 1], [0, -1, 1, -1, 1, 1, 0, 1, 0, 1], [1, 0, -1, 0, 0, 0, 0, 1, -1, 0], [1, -1, 0, 0, 1, -1, 0, 1, 1, 1], [-1, 0, -1, 1, 1, 1, 0, 1, 0, 1], [0, -1, 1, -1, 0, -1, 1, 0, -1, 1], [0, 1, 1, 0, -1, 1, -1, 1, -1, 1], [-1, 1, -1, 1, 1, -1, 1, 0, 1, 1], [-1, -1, 1, 1, 0, -1, 0, 0, 0, 1], [1, 0, 0, 1, 1, 0, 0, 0, 0, 1], [-1, 1, -1, 1, 0, 1, -1, 1, 0, 1], [-1, 1, -1, 1, 1, 1, 1, 0, 0, 0], [-1, -1, 0, 1, 0, 1, 0, 0, 1, 1], [-1, 0, 1, 0, -1, 0, 0, 1, 1, 1], [-1, -1, 0, 0, 0, 1, 1, 1, -1, 1], [1, -1, 0, 1, -1, -1, 0, 1, 1, 0], [1, -1, -1, -1, 0, 1, 0, 1, -1, 0], [1, -1, 0, -1, 0, 0, 0, 1, 0, -1], [1, -1, 0, 1, 1, 0, -1, 1, 1, 0], [-1, 0, 0, -1, -1, 1, 1, 0, 1, 1], [-1, -1, 0, -1, -1, 0, -1, 1, 1, 0], [-1, 0, -1, 1, 1, 0, -1, 0, 0, 0], [0, -1, 0, 1, 1, 0, 1, 1, -1, 0], [0, 0, 1, -1, -1, 1, 1, 1, 0, 0], [1, 0, -1, 0, 1, 1, -1, 0, 0, 1], [1, 1, 0, 0, -1, 0, -1, 1, -1, -1], [0, 0, 1, 1, -1, -1, 1, 1, 0, 1], [1, 1, 0, 1, 1, -1, -1, 1, -1, 1], [-1, -1, 1, 0, 0, 0, 0, 1, -1, 0], [-1, -1, 0, 0, 0, -1, -1, 0, 1, -1], [1, 1, -1, 1, 0, -1, 0, 1, 1, -1], [1, -1, 1, -1, -1, -1, -1, 0, 0, -1], [-1, -1, -1, 1, -1, -1, 0, 0, 0, 1], [-1, 0, -1, 1, 1, 1, -1, 0, -1, 1], [0, 0, 1, 1, 1, 1, 1, 1, 1, 1], [0, -1, 0, 0, -1, 1, 0, 1, 1, 0], [0, -1, 1, 0, 1, -1, -1, 1, 1, 0], [-1, -1, 0, 0, 1, 0, -1, 0, 0, 0], [1, 1, -1, -1, 0, 1, 1, 1, -1, 1], [-1, 1, -1, 0, -1, -1, 0, 1, 0, 1], [1, 0, -1, 1, 0, 1, -1, 1, 0, 1], [0, -1, 0, 0, 1, -1, 1, 0, 0, 1], [-1, 0, 0, 1, 1, 1, 1, 1, -1, 0], [-1, -1, 1, -1, 0, 0, -1, 0, -1, 0], [1, 0, -1, 0, -1, 1, 0, 1, 1, -1], [0, -1, 1, 1, 1, 1, -1, 0, -1, 1], [0, 0, 1, 1, 0, 0, -1, 0, -1, 1], [1, -1, 0, -1, 1, 1, 0, 1, 1, 0], [-1, -1, 0, -1, 1, 1, -1, 1, -1, 1], [0, -1, -1, -1, 1, -1, 1, 1, -1, 0], [0, 0, -1, -1, 1, 1, -1, 0, 1, 0], [1, -1, -1, -1, -1, -1, 0, 1, 1, 0], [-1, -1, 0, -1, -1, -1, 1, 1, 0, 0], [1, 1, -1, -1, 1, 0, 1, 1, -1, 0], [1, 1, -1, 0, 1, -1, 0, 1, -1, 0], [1, 1, -1, 0, 1, 1, -1, 1, 0, 1], [1, 0, -1, -1, 1, -1, 1, 1, 1, 1], [-1, -1, 1, 1, 1, 0, 1, 1, 0, 0], [-1, -1, 0, 0, -1, 1, -1, 0, 1, 1], [1, -1, 0, 1, 0, -1, -1, 0, 0, 0], [0, 0, -1, 1, 0, 0, 1, 1, 1, -1], [0, 0, -1, 1, 1, 0, -1, 1, -1, 1], [-1, -1, -1, -1, 1, 1, 0, 0, 1, 0], [1, 1, -1, -1, -1, 1, 0, 1, 0, 0], [0, 0, 0, 0, 1, 0, 1, 1, -1, 0], [0, 0, 1, -1, -1, 1, 0, 1, 1, 0], [-1, 1, -1, 1, 1, -1, -1, 0, 0, 0], [1, -1, 0, -1, -1, 1, 1, 1, 1, -1], [1, -1, 0, -1, -1, -1, 1, 1, 0, -1], [-1, 0, 1, 1, 1, 0, 0, 1, 0, 0], [-1, 1, 0, 1, 0, -1, -1, 0, -1, 0], [0, 0, 1, 1, 0, -1, 1, 1, -1, 1], [-1, -1, 1, -1, 0, 1, -1, 0, -1, 1], [1, -1, 0, 1, 1, 0, 1, 1, -1, 1], [0, 0, 0, 1, 0, 0, 1, 1, 1, 1], [-1, -1, 1, 0, -1, 1, -1, 0, -1, 1], [1, 1, -1, 0, -1, 1, 1, 1, 1, 1], [0, 1, 1, -1, 1, -1, -1, 1, 0, 1], [-1, 0, 0, -1, -1, 1, -1, 1, -1, 1], [0, 0, 1, 1, -1, 0, 1, 1, 0, 0], [0, 1, 0, 1, -1, 1, 0, 1, 1, 1], [0, 1, 0, 1, 1, 1, -1, 1, 0, 1], [0, 0, 0, 0, 0, 0, -1, 1, 1, -1], [-1, 1, 0, 1, 1, 0, -1, 1, 0, 0], [-1, 0, -1, 0, 0, 0, 1, 1, -1, 1], [1, 1, 1, 1, 1, 0, 0, 0, 0, 1], [1, 1, -1, -1, -1, 0, 1, 1, 0, 0], [-1, 0, -1, 0, 1, -1, -1, 1, 0, 0], [-1, 0, -1, 0, 1, 0, -1, 0, -1, 1], [1, 1, 0, 1, -1, 1, 0, 1, 0, 0], [0, 0, 0, -1, 1, 0, -1, 0, 0, 0], [1, -1, -1, 1, -1, 0, 0, 1, 0, -1], [0, -1, -1, 0, 0, -1, -1, 1, 1, 1], [1, -1, 1, 1, 0, 1, 1, 0, 1, 0], [0, -1, -1, -1, 1, -1, 1, 1, -1, 1], [1, 0, 1, 1, 0, -1, -1, 0, 1, 1], [0, -1, -1, -1, 1, 1, 1, 1, 0, -1], [-1, 0, 0, 1, 0, -1, 0, 1, -1, 1], [0, 0, -1, 1, 0, 1, 0, 0, 1, 0]]
