solve time: 60.03505897521973

 number of processors: 8

 number of functions evaluations
[890.0, 890.0, 890.0]

 variance
[array([[2.74240508e+05, 8.44941226e+01, 1.89193451e+06, 4.03822017e+03,
        8.79414751e+03, 8.72647281e+03, 2.24897453e-02, 1.56771300e+04,
        1.38187456e+04, 6.94544657e+05],
       [8.44941226e+01, 3.99422414e-02, 6.80504843e+02, 1.13151831e+00,
        2.14600432e+00, 2.35987779e+00, 1.02668212e-05, 1.56341064e+01,
        7.30922007e+00, 3.39520854e+02],
       [1.89193451e+06, 6.80504843e+02, 1.44015002e+07, 2.74249886e+04,
        5.90090904e+04, 4.89660789e+04, 2.26754556e-01, 1.76177509e+05,
        1.56384338e+05, 9.75200845e+06],
       [4.03822017e+03, 1.13151831e+00, 2.74249886e+04, 5.46424811e+02,
        5.10454233e+01, 5.21951303e+02, 4.45894945e-04, 2.17127747e+02,
        2.93492191e+02, 9.80443630e+03],
       [8.79414751e+03, 2.14600432e+00, 5.90090904e+04, 5.10454233e+01,
        2.05289230e+03, 5.89017670e+02, 5.58861005e-04, 2.58443308e+02,
        3.70153647e+02, 3.89854466e+04],
       [8.72647281e+03, 2.35987779e+00, 4.89660789e+04, 5.21951303e+02,
        5.89017670e+02, 5.70754795e+03, 2.88258114e-04, 1.14841154e+03,
        6.16630939e+02, 4.45064604e+03],
       [2.24897453e-02, 1.02668212e-05, 2.26754556e-01, 4.45894945e-04,
        5.58861005e-04, 2.88258114e-04, 1.57099775e-08, 1.99112582e-03,
        3.69160300e-03, 3.58970126e-01],
       [1.56771300e+04, 1.56341064e+01, 1.76177509e+05, 2.17127747e+02,
        2.58443308e+02, 1.14841154e+03, 1.99112582e-03, 1.35496115e+04,
        3.23871576e+03, 7.41030058e+03],
       [1.38187456e+04, 7.30922007e+00, 1.56384338e+05, 2.93492191e+02,
        3.70153647e+02, 6.16630939e+02, 3.69160300e-03, 3.23871576e+03,
        4.64032892e+03, 3.05686466e+05],
       [6.94544657e+05, 3.39520854e+02, 9.75200845e+06, 9.80443630e+03,
        3.89854466e+04, 4.45064604e+03, 3.58970126e-01, 7.41030058e+03,
        3.05686466e+05, 4.57928080e+07]]), array([[3.64325769e+06, 1.57583829e+02, 2.88332327e+04, 1.65239717e+03,
        1.27473939e+03, 4.96466159e+03, 5.13804799e-03, 4.74743252e+04,
        1.60018789e+06, 3.67080781e+06],
       [1.57583829e+02, 1.70788268e-02, 1.66542627e+00, 8.36159613e-02,
        7.53454488e-02, 3.93298715e-01, 2.35369062e-06, 1.67238842e+01,
        1.33686482e+02, 2.26934533e+02],
       [2.88332327e+04, 1.66542627e+00, 3.61402858e+06, 1.11702737e+04,
        5.04744718e+03, 2.07446558e+04, 2.57486998e-02, 7.29364094e+03,
        1.24297391e+06, 4.13112724e+06],
       [1.65239717e+03, 8.36159613e-02, 1.11702737e+04, 2.65441791e+02,
        1.98484810e+01, 2.09990662e+02, 1.03171320e-04, 9.63141423e+01,
        6.27850255e+03, 2.37122976e+04],
       [1.27473939e+03, 7.53454488e-02, 5.04744718e+03, 1.98484810e+01,
        3.55919025e+02, 2.13378340e+02, 9.20652563e-05, 1.26693565e+02,
        4.73034371e+03, 3.04515520e+04],
       [4.96466159e+03, 3.93298715e-01, 2.07446558e+04, 2.09990662e+02,
        2.13378340e+02, 2.13989158e+03, 1.31553038e-04, 1.15067335e+03,
        2.02102430e+04, 5.95459154e+04],
       [5.13804799e-03, 2.35369062e-06, 2.57486998e-02, 1.03171320e-04,
        9.20652563e-05, 1.31553038e-04, 1.00087213e-08, 1.67475674e-02,
        1.45179728e-02, 1.04712521e-01],
       [4.74743252e+04, 1.67238842e+01, 7.29364094e+03, 9.63141423e+01,
        1.26693565e+02, 1.15067335e+03, 1.67475674e-02, 1.98669442e+05,
        4.78699955e+04, 1.34608802e+05],
       [1.60018789e+06, 1.33686482e+02, 1.24297391e+06, 6.27850255e+03,
        4.73034371e+03, 2.02102430e+04, 1.45179728e-02, 4.78699955e+04,
        3.48643944e+06, 3.65318654e+06],
       [3.67080781e+06, 2.26934533e+02, 4.13112724e+06, 2.37122976e+04,
        3.04515520e+04, 5.95459154e+04, 1.04712521e-01, 1.34608802e+05,
        3.65318654e+06, 3.80900704e+07]]), array([[3.64832126e+06, 1.60495866e+02, 4.66691298e-12, 2.67932815e-13,
        5.62348703e-13, 1.44600589e-12, 4.73555607e-03, 5.16333264e+04,
        1.70877019e+06, 3.67902923e+06],
       [1.60495866e+02, 1.82918024e-02, 2.10867559e-16, 1.50780573e-17,
        1.91186250e-17, 4.19435115e-17, 2.20848019e-06, 2.13833489e+01,
        1.55822837e+02, 2.45868140e+02],
       [4.66691298e-12, 2.10867559e-16, 1.32898953e-27, 3.20183286e-29,
        6.01303004e-29, 3.81132357e-28, 6.88887957e-30, 2.12974635e-18,
        9.38312973e-12, 6.41655780e-12],
       [2.67932815e-13, 1.50780573e-17, 3.20183286e-29, 3.17971976e-30,
        9.58956745e-31, 6.47370496e-30, 3.30683279e-31, 4.06358888e-20,
        5.97544856e-13, 1.00000469e-12],
       [5.62348703e-13, 1.91186250e-17, 6.01303004e-29, 9.58956745e-31,
        3.44140136e-29, 2.46585460e-29, 2.23038113e-30, 8.23123870e-18,
        7.82493591e-13, 2.15867088e-12],
       [1.44600589e-12, 4.19435115e-17, 3.81132357e-28, 6.47370496e-30,
        2.46585460e-29, 1.43237909e-28, 4.19259763e-30, 1.25855247e-19,
        2.73946991e-12, 1.89250657e-12],
       [4.73555607e-03, 2.20848019e-06, 6.88887957e-30, 3.30683279e-31,
        2.23038113e-30, 4.19259763e-30, 5.35050935e-09, 1.57185799e-02,
        4.33842649e-03, 1.45783144e-02],
       [5.16333264e+04, 2.13833489e+01, 2.12974635e-18, 4.06358888e-20,
        8.23123870e-18, 1.25855247e-19, 1.57185799e-02, 2.23144159e+05,
        4.80559248e+04, 1.40391489e+05],
       [1.70877019e+06, 1.55822837e+02, 9.38312973e-12, 5.97544856e-13,
        7.82493591e-13, 2.73946991e-12, 4.33842649e-03, 4.80559248e+04,
        3.75845094e+06, 3.77787073e+06],
       [3.67902923e+06, 2.45868140e+02, 6.41655780e-12, 1.00000469e-12,
        2.15867088e-12, 1.89250657e-12, 1.45783144e-02, 1.40391489e+05,
        3.77787073e+06, 4.19087190e+07]])]

 max variance
[45792807.96375739, 38090070.37965711, 41908719.03481335]

 cost matrix
[array([[ 1.82820637e+02, -3.18158943e+00, -4.84503670e+02,
         1.68260011e+01,  2.43429735e+01, -2.21137092e+01,
         2.85815194e-02,  1.79735052e+01,  1.03833383e+01,
         5.44915158e+01],
       [-3.18158943e+00,  6.18972627e-02,  8.85391065e+00,
        -2.72081699e-01, -3.90302316e-01,  3.40660577e-01,
        -5.73564949e-04, -5.47019284e-01,  9.05974622e-03,
        -1.10112255e-01],
       [-4.84503670e+02,  8.85391065e+00,  1.32700213e+03,
        -4.30275784e+01, -6.27889795e+01,  5.24146319e+01,
        -8.58782024e-02, -5.91888846e+01, -7.89293078e+00,
        -2.34620312e+01],
       [ 1.68260011e+01, -2.72081699e-01, -4.30275784e+01,
         4.86377074e+00,  2.44697318e+00, -5.75172782e+00,
         2.80057404e-03,  1.85637716e+00,  5.02072601e-01,
         4.22986611e+00],
       [ 2.43429735e+01, -3.90302316e-01, -6.27889795e+01,
         2.44697318e+00,  8.20196999e+00, -5.80725950e+00,
         3.35300509e-03,  2.24086828e+00,  7.66310171e-01,
         5.98405109e+00],
       [-2.21137092e+01,  3.40660577e-01,  5.24146319e+01,
        -5.75172782e+00, -5.80725950e+00,  1.52341595e+01,
        -2.35804769e-03, -3.59307677e+00, -1.52395698e-01,
        -5.03797766e+00],
       [ 2.85815194e-02, -5.73564949e-04, -8.58782024e-02,
         2.80057404e-03,  3.35300509e-03, -2.35804769e-03,
         1.83885136e-05,  3.53438369e-03, -2.82220020e-03,
        -2.12839889e-02],
       [ 1.79735052e+01, -5.47019284e-01, -5.91888846e+01,
         1.85637716e+00,  2.24086828e+00, -3.59307677e+00,
         3.53438369e-03,  1.53762907e+01, -5.83232426e+00,
        -7.77116182e+00],
       [ 1.03833383e+01,  9.05974622e-03, -7.89293078e+00,
         5.02072601e-01,  7.66310171e-01, -1.52395698e-01,
        -2.82220020e-03, -5.83232426e+00,  1.24279989e+01,
         6.67207027e+01],
       [ 5.44915158e+01, -1.10112255e-01, -2.34620312e+01,
         4.22986611e+00,  5.98405109e+00, -5.03797766e+00,
        -2.12839889e-02, -7.77116182e+00,  6.67207027e+01,
         6.73182784e+02]]), array([[ 1.16814179e+03, -7.15705685e+00,  4.95740003e+01,
        -1.47794295e+01, -1.63881917e+01,  2.23989431e+01,
         1.26084553e-02,  5.44882176e+01,  9.85463915e+02,
         1.76143885e+03],
       [-7.15705685e+00,  6.11009497e-02, -3.33252965e-01,
         9.64919771e-02,  1.09518917e-01, -1.61328924e-01,
        -2.48040218e-04, -9.48292863e-01, -6.83442887e+00,
        -1.11287950e+01],
       [ 4.95740003e+01, -3.33252965e-01,  3.97873496e+02,
        -1.88010588e+01, -1.74414256e+01,  2.37296862e+01,
        -2.03674495e-02, -1.49715310e-01,  2.78049522e+02,
         5.36353543e+02],
       [-1.47794295e+01,  9.64919771e-02, -1.88010588e+01,
         2.79435747e+00,  1.28477561e+00, -3.11625070e+00,
         1.13737638e-03, -7.23874508e-01, -2.73687621e+01,
        -5.96167067e+01],
       [-1.63881917e+01,  1.09518917e-01, -1.74414256e+01,
         1.28477561e+00,  3.79620484e+00, -2.99533791e+00,
         1.04464109e-03, -1.06233972e+00, -2.85764503e+01,
        -7.39988040e+01],
       [ 2.23989431e+01, -1.61328924e-01,  2.37296862e+01,
        -3.11625070e+00, -2.99533791e+00,  7.98114829e+00,
        -9.77971944e-04,  1.71431570e+00,  3.93436272e+01,
         8.21434803e+01],
       [ 1.26084553e-02, -2.48040218e-04, -2.03674495e-02,
         1.13737638e-03,  1.04464109e-03, -9.77971944e-04,
         1.88121370e-05,  1.88319961e-02, -6.37841177e-04,
        -2.31777956e-02],
       [ 5.44882176e+01, -9.48292863e-01, -1.49715310e-01,
        -7.23874508e-01, -1.06233972e+00,  1.71431570e+00,
         1.88319961e-02,  1.10498545e+02,  4.75117239e+01,
         7.11212566e+01],
       [ 9.85463915e+02, -6.83442887e+00,  2.78049522e+02,
        -2.73687621e+01, -2.85764503e+01,  3.93436272e+01,
        -6.37841177e-04,  4.75117239e+01,  1.23591072e+03,
         1.94651202e+03],
       [ 1.76143885e+03, -1.11287950e+01,  5.36353543e+02,
        -5.96167067e+01, -7.39988040e+01,  8.21434803e+01,
        -2.31777956e-02,  7.11212566e+01,  1.94651202e+03,
         6.23965027e+03]]), array([[ 1.24916911e+03, -7.91645885e+00, -1.20437354e-08,
        -6.82833118e-09, -2.56682820e-08, -3.02633134e-08,
         1.46189656e-02,  6.29463845e+01,  1.08230176e+03,
         1.93649657e+03],
       [-7.91645885e+00,  7.05163002e-02, -1.41279519e-10,
        -1.56893209e-11,  1.61510880e-10,  3.32980527e-10,
        -2.61337373e-04, -1.15417762e+00, -7.86068730e+00,
        -1.27074247e+01],
       [-1.20437354e-08, -1.41279519e-10,  2.19557714e-15,
         3.86327023e-17,  3.69244082e-16, -9.89552959e-16,
         1.17881851e-16,  4.76322924e-11, -9.61838478e-09,
        -1.17857596e-08],
       [-6.82833118e-09, -1.56893209e-11,  3.86327023e-17,
         1.94065271e-16,  6.10216042e-17, -1.08887042e-16,
         2.72119231e-17,  9.81271168e-12, -1.16448750e-08,
         1.38142607e-08],
       [-2.56682820e-08,  1.61510880e-10,  3.69244082e-16,
         6.10216042e-17,  3.44071554e-16, -2.64298833e-16,
         1.73678795e-17, -6.04185445e-11, -2.52744629e-08,
        -3.53279265e-08],
       [-3.02633134e-08,  3.32980527e-10, -9.89552959e-16,
        -1.08887042e-16, -2.64298833e-16,  6.80414151e-16,
        -6.36268005e-17, -9.05969450e-12, -5.94151168e-08,
        -4.56905850e-08],
       [ 1.46189656e-02, -2.61337373e-04,  1.17881851e-16,
         2.72119231e-17,  1.73678795e-17, -6.36268005e-17,
         1.03612475e-05,  1.74265745e-02,  1.40218945e-02,
         2.41332566e-02],
       [ 6.29463845e+01, -1.15417762e+00,  4.76322924e-11,
         9.81271168e-12, -6.04185445e-11, -9.05969450e-12,
         1.74265745e-02,  1.16513151e+02,  5.92593287e+01,
         9.83738140e+01],
       [ 1.08230176e+03, -7.86068730e+00, -9.61838478e-09,
        -1.16448750e-08, -2.52744629e-08, -5.94151168e-08,
         1.40218945e-02,  5.92593287e+01,  1.24446339e+03,
         1.93861343e+03],
       [ 1.93649657e+03, -1.27074247e+01, -1.17857596e-08,
         1.38142607e-08, -3.53279265e-08, -4.56905850e-08,
         2.41332566e-02,  9.83738140e+01,  1.93861343e+03,
         6.32291260e+03]])]

 number of difficult parameters
110

 difficult parameters
[[0, 1, 0, -1, -1, 1, -1, 1, 1, 1], [0, -1, 0, -1, -1, -1, -1, 1, 0, 0], [-1, -1, -1, -1, -1, 0, -1, 1, -1, 1], [0, -1, 0, 0, 0, 0, 1, 0, -1, 1], [0, 1, 0, 0, 1, -1, -1, 0, 1, -1], [1, -1, 1, 0, 0, 1, 0, 0, -1, 1], [0, -1, 0, 0, 0, -1, 1, 1, 0, -1], [-1, -1, 0, 0, 1, -1, 1, 1, -1, 1], [0, -1, -1, -1, 1, 1, -1, 1, 1, 0], [1, 1, -1, -1, 1, 0, 1, 1, -1, 1], [0, 1, 1, 1, 1, 1, -1, 1, -1, 1], [0, 1, 0, 0, -1, 1, 0, 1, -1, 0], [0, 0, 0, 0, 1, 0, 0, 0, 1, -1], [1, 1, 1, 0, 1, 0, -1, 1, 1, 1], [-1, 0, 0, -1, -1, 0, -1, 1, -1, 1], [1, 0, 0, 0, 1, 1, 1, 0, 0, 1], [1, 1, -1, 1, -1, 0, 1, 1, 1, -1], [0, -1, 1, 0, 0, 1, 1, 1, 0, 0], [-1, 1, -1, 0, -1, 0, 1, 0, 0, 0], [1, 1, -1, -1, 1, 0, -1, 1, 0, 1], [-1, 1, 1, -1, 0, -1, 1, 0, 1, 0], [1, 0, 0, -1, -1, 1, 1, 1, -1, 1], [1, -1, -1, -1, -1, 1, -1, 0, -1, -1], [1, -1, -1, 1, 1, 1, 1, 1, 1, 1], [-1, 0, -1, 1, -1, 1, 1, 0, 0, 1], [-1, 0, -1, 1, 0, -1, 1, 1, -1, 1], [-1, -1, -1, 0, 1, -1, 1, 1, 0, 1], [-1, 1, -1, 0, 0, 1, 1, 0, -1, 0], [1, -1, 0, 0, -1, 0, 1, 1, 1, 0], [-1, 0, 0, -1, 1, -1, -1, 0, -1, 1], [0, 1, 1, 0, 0, 0, 1, 1, 0, 1], [0, -1, 0, 1, -1, -1, 0, 0, 1, 1], [-1, -1, 1, 0, 1, 1, -1, 1, 0, 0], [1, -1, 1, 0, -1, 0, 1, 1, 0, 1], [1, 0, 0, 0, 0, 0, -1, 0, 0, 0], [1, -1, 1, -1, -1, -1, 1, 0, 1, 0], [1, -1, 0, -1, 0, -1, 0, 1, 0, -1], [-1, 1, -1, -1, -1, -1, -1, 0, 1, 1], [0, -1, 0, 1, 1, 0, 1, 1, 1, 1], [1, 1, -1, 1, 0, 1, 0, 0, 1, 1], [1, -1, -1, -1, 1, -1, -1, 1, 0, 1], [0, 0, -1, 1, 1, 0, 1, 0, 0, 1], [-1, -1, 1, -1, 1, -1, -1, 0, 0, 1], [0, 1, 0, 0, -1, 0, 1, 1, -1, 1], [-1, -1, 0, -1, 0, -1, 1, 0, 0, 1], [0, 1, -1, 1, 1, 0, -1, 0, 1, 0], [-1, 1, -1, 1, 0, 0, 1, 0, 1, 0], [1, 0, -1, 1, 0, -1, 0, 0, 0, 1], [1, -1, 1, 0, 1, 1, 0, 1, 0, 0], [-1, 0, 0, 0, 1, 0, -1, 0, 1, 1], [-1, 1, 0, 0, -1, -1, -1, 0, 1, 1], [1, 0, 0, 0, 1, 1, 1, 1, -1, 1], [1, 0, 1, 1, -1, 1, 0, 1, 0, 1], [-1, 1, 0, 1, 0, 1, 1, 1, -1, 1], [0, 1, 0, -1, 1, 0, -1, 0, 1, 1], [-1, 1, 0, 1, 0, -1, -1, 0, -1, 0], [1, 1, -1, -1, 1, 0, 1, 1, -1, 0], [1, 0, 0, -1, 1, 0, -1, 1, -1, 1], [1, 0, 0, 1, 0, 0, -1, 0, 0, -1], [1, 0, -1, 1, -1, 0, -1, 1, 0, -1], [1, 1, 1, 0, 0, 1, -1, 0, 1, 0], [0, 0, 0, 0, 0, 0, 1, 1, 0, 1], [1, 1, -1, -1, 1, 0, 1, 1, -1, 1], [0, 0, 1, 1, 0, 0, 0, 1, 1, 1], [-1, 0, 0, -1, 1, 1, 0, 1, -1, 1], [0, 0, 0, -1, 1, 1, -1, 1, 0, 1], [-1, -1, 1, 1, 0, -1, 0, 0, -1, 0], [0, -1, 1, -1, 1, -1, 0, 1, 1, 1], [0, 1, 0, 0, 0, -1, 0, 1, 1, 0], [1, 0, -1, 1, 1, -1, 0, 0, -1, 1], [-1, -1, -1, 1, 1, -1, -1, 1, -1, 1], [0, -1, 1, 0, -1, -1, -1, 1, -1, 1], [1, -1, -1, -1, 0, -1, 0, 1, 0, -1], [-1, -1, -1, 1, -1, 0, -1, 1, 0, 1], [1, 0, 1, 1, 1, 0, 0, 0, -1, 1], [1, 1, -1, 1, -1, 1, 1, 0, 1, -1], [0, 1, 1, 0, 0, 1, 1, 1, -1, 1], [-1, 1, 1, 1, -1, 1, -1, 0, -1, 1], [1, 0, 1, 0, 0, 0, 0, 1, -1, 1], [1, 1, 1, 1, 1, 1, -1, 0, 1, 1], [1, 0, 1, 0, 1, 1, -1, 1, 0, 1], [1, -1, 0, 0, -1, 1, 0, 1, 0, 1], [1, 1, 0, 1, 0, -1, 1, 1, 1, 0], [-1, -1, 1, 1, 0, 1, 1, 1, 0, 0], [-1, 0, 1, 0, 1, 0, 1, 1, 0, 1], [-1, 0, -1, 1, 0, 1, 0, 1, 1, -1], [1, -1, 0, 1, 0, 0, -1, 1, 0, 0], [-1, 0, 1, 0, -1, 1, -1, 1, 0, 1], [0, -1, 1, -1, 0, 0, 1, 1, -1, 0], [1, 1, 1, 0, 0, -1, -1, 1, 1, -1], [0, 1, 0, -1, 0, 1, -1, 0, -1, 1], [-1, 0, 1, -1, 1, 1, 0, 1, -1, 0], [1, 1, -1, -1, -1, -1, 0, 1, 0, -1], [0, -1, 0, 1, 1, 0, 0, 1, -1, 1], [0, 0, 1, -1, 1, 1, -1, 1, -1, 1], [1, 1, 1, 1, -1, -1, -1, 1, 1, 0], [0, 1, -1, 0, 1, -1, 1, 1, 0, 0], [0, 1, 1, -1, 0, -1, 0, 1, 0, 1], [-1, -1, 1, -1, 1, 1, 1, 1, -1, 1], [1, 1, 1, -1, 1, -1, 0, 1, -1, 1], [1, 0, -1, -1, 0, 0, 0, 1, 1, 0], [1, -1, 1, 0, -1, 0, 1, 1, 0, 0], [1, 0, -1, 1, 0, -1, 0, 1, 0, 1], [1, 0, -1, 1, 1, 1, 0, 1, 0, 1], [0, 0, 1, -1, 1, -1, 1, 1, 0, 0], [0, 0, 1, 0, -1, 1, 0, 1, 1, 1], [-1, 0, 0, 0, -1, -1, -1, 0, 1, 1], [1, 1, -1, 0, 0, 0, 0, 0, -1, 0], [-1, 1, 1, 1, -1, -1, -1, 1, 1, 1], [-1, 0, 1, -1, 1, -1, -1, 0, 0, 1]]
