solve time: 896.8751490116119

 number of functions evaluations
[10000.0, 10000.0, 10000.0]

 variance
[array([[4.03002761e+05, 1.15310594e+02, 2.83602310e+05, 2.89672934e+02,
        3.59143562e+02, 6.78958475e+02, 2.62304568e+05, 5.07834090e+04,
        1.55248001e+04, 9.37792929e+04],
       [1.15310594e+02, 7.93341429e-02, 1.14516061e+02, 7.42232436e-02,
        9.66985443e-02, 2.17003581e-01, 3.07901524e+02, 4.52931028e+02,
        1.68084561e+01, 3.99234402e+01],
       [2.83602310e+05, 1.14516061e+02, 5.95177676e+05, 2.75834222e+02,
        3.73158115e+02, 7.45122655e+02, 3.48202392e+06, 7.20410111e+06,
        1.79654309e+05, 2.63160632e+05],
       [2.89672934e+02, 7.42232436e-02, 2.75834222e+02, 2.24977936e+00,
        9.74135634e-01, 4.74096350e+00, 1.01019597e+03, 5.49632026e+03,
        8.52739094e+01, 2.03669812e+02],
       [3.59143562e+02, 9.66985443e-02, 3.73158115e+02, 9.74135634e-01,
        6.68601252e+00, 5.03254481e+00, 1.42815167e+03, 8.65086755e+03,
        1.34380506e+02, 2.88364434e+02],
       [6.78958475e+02, 2.17003581e-01, 7.45122655e+02, 4.74096350e+00,
        5.03254481e+00, 3.29525675e+01, 3.17043582e+03, 1.40172740e+04,
        2.45638239e+02, 5.81127010e+02],
       [2.62304568e+05, 3.07901524e+02, 3.48202392e+06, 1.01019597e+03,
        1.42815167e+03, 3.17043582e+03, 5.34302930e+07, 1.00543236e+07,
        1.73432852e+06, 4.54906227e+05],
       [5.07834090e+04, 4.52931028e+02, 7.20410111e+06, 5.49632026e+03,
        8.65086755e+03, 1.40172740e+04, 1.00543236e+07, 4.59109688e+08,
        4.62225439e+06, 9.44602850e+06],
       [1.55248001e+04, 1.68084561e+01, 1.79654309e+05, 8.52739094e+01,
        1.34380506e+02, 2.45638239e+02, 1.73432852e+06, 4.62225439e+06,
        1.15658297e+05, 1.07034154e+05],
       [9.37792929e+04, 3.99234402e+01, 2.63160632e+05, 2.03669812e+02,
        2.88364434e+02, 5.81127010e+02, 4.54906227e+05, 9.44602850e+06,
        1.07034154e+05, 5.20281974e+05]]), array([[9.64396820e+00, 4.87678934e-04, 2.53095886e+02, 2.15364042e+00,
        1.32166829e+00, 6.28808330e+00, 6.53891711e+01, 5.76578771e+01,
        4.88739085e+02, 2.24374377e+03],
       [4.87678934e-04, 3.55879227e-06, 6.93880913e-02, 4.45923712e-04,
        5.47947217e-04, 1.32040168e-03, 5.43005278e+00, 4.49806391e+00,
        8.87977212e-02, 1.48095014e+00],
       [2.53095886e+02, 6.93880913e-02, 2.37451994e+06, 6.29004038e+02,
        8.47450935e+02, 1.52790914e+03, 1.83000160e+05, 1.71313738e+05,
        1.11424883e+06, 3.72380415e+06],
       [2.15364042e+00, 4.45923712e-04, 6.29004038e+02, 2.04973504e+00,
        1.07280675e+00, 5.65270965e+00, 9.02088334e+02, 7.28116219e+02,
        5.46198423e+02, 2.24690230e+03],
       [1.32166829e+00, 5.47947217e-04, 8.47450935e+02, 1.07280675e+00,
        3.51086274e+00, 6.26157073e+00, 1.24625979e+03, 9.99751182e+02,
        7.05144104e+02, 2.95316798e+03],
       [6.28808330e+00, 1.32040168e-03, 1.52790914e+03, 5.65270965e+00,
        6.26157073e+00, 3.72617022e+01, 2.09648882e+03, 1.77077553e+03,
        1.36699374e+03, 6.02360224e+03],
       [6.53891711e+01, 5.43005278e+00, 1.83000160e+05, 9.02088334e+02,
        1.24625979e+03, 2.09648882e+03, 4.36182926e+07, 3.80307852e+06,
        1.26157341e+05, 5.05760094e+06],
       [5.76578771e+01, 4.49806391e+00, 1.71313738e+05, 7.28116219e+02,
        9.99751182e+02, 1.77077553e+03, 3.80307852e+06, 7.35547947e+07,
        1.18462148e+05, 8.83051988e+05],
       [4.88739085e+02, 8.87977212e-02, 1.11424883e+06, 5.46198423e+02,
        7.05144104e+02, 1.36699374e+03, 1.26157341e+05, 1.18462148e+05,
        9.92048815e+05, 2.66367509e+06],
       [2.24374377e+03, 1.48095014e+00, 3.72380415e+06, 2.24690230e+03,
        2.95316798e+03, 6.02360224e+03, 5.05760094e+06, 8.83051988e+05,
        2.66367509e+06, 2.79243373e+07]]), array([[4.22355820e+05, 4.48733904e+01, 2.69509553e-34, 1.18016760e-34,
        1.75136601e-34, 9.90899614e-35, 1.03710961e+05, 5.63337131e+04,
        3.51075693e+05, 5.73532175e+06],
       [4.48733904e+01, 1.20311242e-02, 1.29945528e-38, 5.11504881e-39,
        8.74862195e-39, 6.54986353e-39, 1.38427399e+02, 1.08888388e+02,
        4.22377775e+01, 9.16422454e+02],
       [2.69509553e-34, 1.29945528e-38, 4.01347872e-72, 9.87860909e-73,
        7.71298727e-73, 5.92060829e-73, 2.66384403e-35, 5.22767418e-36,
        2.07807268e-34, 2.75040155e-33],
       [1.18016760e-34, 5.11504881e-39, 9.87860909e-73, 6.73044903e-73,
        1.89447391e-73, 2.80921530e-73, 5.15294766e-35, 1.16354480e-36,
        9.94925227e-35, 1.37635355e-33],
       [1.75136601e-34, 8.74862195e-39, 7.71298727e-73, 1.89447391e-73,
        2.28647356e-72, 2.17978077e-73, 1.00108484e-34, 3.29248165e-36,
        1.37045240e-34, 2.03587454e-33],
       [9.90899614e-35, 6.54986353e-39, 5.92060829e-73, 2.80921530e-73,
        2.17978077e-73, 4.89871909e-73, 5.60781258e-36, 7.58412531e-37,
        7.44234236e-35, 1.16944883e-33],
       [1.03710961e+05, 1.38427399e+02, 2.66384403e-35, 5.15294766e-35,
        1.00108484e-34, 5.60781258e-36, 7.32521117e+07, 8.64510061e+06,
        9.70153603e+04, 1.59935236e+07],
       [5.63337131e+04, 1.08888388e+02, 5.22767418e-36, 1.16354480e-36,
        3.29248165e-36, 7.58412531e-37, 8.64510061e+06, 1.94102863e+08,
        5.71541112e+04, 2.58091868e+06],
       [3.51075693e+05, 4.22377775e+01, 2.07807268e-34, 9.94925227e-35,
        1.37045240e-34, 7.44234236e-35, 9.70153603e+04, 5.71541112e+04,
        4.00615400e+05, 5.58261682e+06],
       [5.73532175e+06, 9.16422454e+02, 2.75040155e-33, 1.37635355e-33,
        2.03587454e-33, 1.16944883e-33, 1.59935236e+07, 2.58091868e+06,
        5.58261682e+06, 2.40663815e+08]])]

 max variance
[459109688.4280865, 73554794.68435758, 240663814.7936708]

 cost matrix
[array([[ 2.59075805e+02, -5.61016108e+00, -3.09990595e+02,
         5.20054270e+00,  6.13626388e+00, -6.04700898e+00,
         3.78880194e+02,  7.18227273e+01, -6.61672659e+01,
        -8.77328437e+00],
       [-5.61016108e+00,  1.60883909e-01,  9.08182573e+00,
        -1.27581665e-01, -1.50908315e-01,  1.50619464e-01,
        -1.61223890e+01, -5.30838032e+00,  3.08596766e+00,
         9.52213537e-01],
       [-3.09990595e+02,  9.08182573e+00,  7.43979272e+02,
        -9.75756070e+00, -1.15961988e+01,  1.14104551e+01,
        -1.62168269e+03, -5.82509494e+02,  3.17554288e+02,
         1.10261509e+02],
       [ 5.20054270e+00, -1.27581665e-01, -9.75756070e+00,
         3.58853754e-01,  3.07742220e-01, -4.57096886e-01,
         2.10991254e+01,  1.01586119e+01, -4.32354269e+00,
        -1.84610332e+00],
       [ 6.13626388e+00, -1.50908315e-01, -1.15961988e+01,
         3.07742220e-01,  4.88721977e-01, -4.99622712e-01,
         2.49818459e+01,  1.26553184e+01, -5.19696441e+00,
        -2.29431262e+00],
       [-6.04700898e+00,  1.50619464e-01,  1.14104551e+01,
        -4.57096886e-01, -4.99622712e-01,  8.58723174e-01,
        -2.49828365e+01, -1.17449383e+01,  5.11157963e+00,
         2.14396583e+00],
       [ 3.78880194e+02, -1.61223890e+01, -1.62168269e+03,
         2.10991254e+01,  2.49818459e+01, -2.49828365e+01,
         5.14638688e+03,  1.00762868e+03, -9.31229442e+02,
        -2.01568129e+02],
       [ 7.18227273e+01, -5.30838032e+00, -5.82509494e+02,
         1.01586119e+01,  1.26553184e+01, -1.17449383e+01,
         1.00762868e+03,  2.93287884e+03, -4.02096223e+02,
        -4.47440064e+02],
       [-6.61672659e+01,  3.08596766e+00,  3.17554288e+02,
        -4.32354269e+00, -5.19696441e+00,  5.11157963e+00,
        -9.31229442e+02, -4.02096223e+02,  2.00258835e+02,
         8.37875020e+01],
       [-8.77328437e+00,  9.52213537e-01,  1.10261509e+02,
        -1.84610332e+00, -2.29431262e+00,  2.14396583e+00,
        -2.01568129e+02, -4.47440064e+02,  8.37875020e+01,
         1.49949369e+02]]), array([[ 2.12319055e-01, -3.63567516e-03,  4.02702649e+00,
        -1.61771135e-01, -1.69988719e-01,  2.43269407e-01,
         3.03637175e+00,  1.42557365e+00,  4.33834411e+00,
         1.21858231e+01],
       [-3.63567516e-03,  6.68030951e-04, -1.45982488e-01,
         8.70054338e-03,  1.02245900e-02, -1.03540922e-02,
        -1.24921470e+00, -5.30454816e-01, -1.40263612e-01,
        -7.45693403e-01],
       [ 4.02702649e+00, -1.45982488e-01,  8.86928125e+02,
        -1.30330274e+01, -1.54106988e+01,  1.46557129e+01,
         2.03999334e+02,  1.08433339e+02,  6.73744098e+02,
         1.55600393e+03],
       [-1.61771135e-01,  8.70054338e-03, -1.30330274e+01,
         4.82618216e-01,  4.14546228e-01, -6.06396530e-01,
        -1.48485732e+01, -6.83629349e+00, -1.12942984e+01,
        -3.01313483e+01],
       [-1.69988719e-01,  1.02245900e-02, -1.54106988e+01,
         4.14546228e-01,  6.52514897e-01, -6.64289652e-01,
        -1.78598778e+01, -7.99275791e+00, -1.33213436e+01,
        -3.59103060e+01],
       [ 2.43269407e-01, -1.03540922e-02,  1.46557129e+01,
        -6.06396530e-01, -6.64289652e-01,  1.13167512e+00,
         1.64899229e+01,  7.36155463e+00,  1.28519725e+01,
         3.42736089e+01],
       [ 3.03637175e+00, -1.24921470e+00,  2.03999334e+02,
        -1.48485732e+01, -1.78598778e+01,  1.64899229e+01,
         4.40805798e+03,  6.94519516e+02,  1.73250949e+02,
         1.81310709e+03],
       [ 1.42557365e+00, -5.30454816e-01,  1.08433339e+02,
        -6.83629349e+00, -7.99275791e+00,  7.36155463e+00,
         6.94519516e+02,  1.78345198e+03,  9.16968273e+01,
         3.76125227e+02],
       [ 4.33834411e+00, -1.40263612e-01,  6.73744098e+02,
        -1.12942984e+01, -1.33213436e+01,  1.28519725e+01,
         1.73250949e+02,  9.16968273e+01,  5.84401891e+02,
         1.29557268e+03],
       [ 1.21858231e+01, -7.45693403e-01,  1.55600393e+03,
        -3.01313483e+01, -3.59103060e+01,  3.42736089e+01,
         1.81310709e+03,  3.76125227e+02,  1.29557268e+03,
         4.64753684e+03]]), array([[ 1.96078821e+02, -2.45477280e+00,  2.15684071e-19,
         1.46130306e-19,  1.91604416e-19, -3.88616969e-20,
         1.42215307e+02,  5.60330747e+01,  1.84382956e+02,
         8.63360082e+02],
       [-2.45477280e+00,  5.04312104e-02, -1.34419491e-21,
        -9.69582025e-22, -1.42858261e-21,  2.85427480e-22,
        -8.12171511e+00, -3.61292417e+00, -2.39929492e+00,
        -1.41132869e+01],
       [ 2.15684071e-19, -1.34419491e-21,  9.70377101e-38,
         3.97278678e-38,  3.86095978e-38, -3.10435444e-38,
        -3.05407387e-20, -3.51459003e-21,  2.47147404e-19,
         4.77816639e-19],
       [ 1.46130306e-19, -9.69582025e-22,  3.97278678e-38,
         4.98725717e-38,  2.41386134e-38, -2.24798552e-38,
         2.95552932e-20,  4.68381511e-21,  1.64299033e-19,
         4.09424516e-19],
       [ 1.91604416e-19, -1.42858261e-21,  3.86095978e-38,
         2.41386134e-38,  7.73897524e-38, -1.86177249e-38,
        -3.50658170e-20, -7.14901095e-22,  1.73372042e-19,
         5.83536247e-19],
       [-3.88616969e-20,  2.85427480e-22, -3.10435444e-38,
        -2.24798552e-38, -1.86177249e-38,  3.73749192e-38,
        -1.17117350e-20,  5.21464524e-21, -6.69113320e-20,
        -8.10835162e-20],
       [ 1.42215307e+02, -8.12171511e+00, -3.05407387e-20,
         2.95552932e-20, -3.50658170e-20, -1.17117350e-20,
         7.99685423e+03,  1.46659019e+03,  1.38856425e+02,
         3.71187034e+03],
       [ 5.60330747e+01, -3.61292417e+00, -3.51459003e-21,
         4.68381511e-21, -7.14901095e-22,  5.21464524e-21,
         1.46659019e+03,  4.12269730e+03,  5.61444336e+01,
         7.24577253e+02],
       [ 1.84382956e+02, -2.39929492e+00,  2.47147404e-19,
         1.64299033e-19,  1.73372042e-19, -6.69113320e-20,
         1.38856425e+02,  5.61444336e+01,  1.89033671e+02,
         8.46903325e+02],
       [ 8.63360082e+02, -1.41132869e+01,  4.77816639e-19,
         4.09424516e-19,  5.83536247e-19, -8.10835162e-20,
         3.71187034e+03,  7.24577253e+02,  8.46903325e+02,
         6.67745906e+03]])]
