solve time: 2.596860885620117

 number of processors: 2

 number of functions evaluations
[8.0, 8.0, 8.0]

 variance
[array([[2.10553832e+06, 3.01753258e+02, 8.49263418e+06, 2.76290345e+04,
        1.29708030e+04, 5.42697300e+03, 1.11171926e-06, 1.06553855e+00,
        1.52131248e+05, 1.87995539e+05],
       [3.01753258e+02, 6.54661125e-02, 1.57890335e+03, 1.06009046e+01,
        1.63055852e+00, 2.09091084e+00, 4.24410473e-10, 1.13956098e-04,
        5.10103522e+01, 4.34869390e+01],
       [8.49263418e+06, 1.57890335e+03, 4.01303319e+07, 2.21034974e+05,
        4.86712194e+04, 4.35746752e+04, 8.86852711e-06, 3.68860067e+00,
        1.10049123e+06, 1.04040250e+06],
       [2.76290345e+04, 1.06009046e+01, 2.21034974e+05, 2.19873687e+03,
        9.48032091e+01, 4.28920535e+02, 8.71329653e-08, 3.27321392e-04,
        9.62622595e+03, 6.17216551e+03],
       [1.29708030e+04, 1.63055852e+00, 4.86712194e+04, 9.48032091e+01,
        7.61106052e+01, 1.76028444e+01, 3.89953303e-09, 6.80301314e-03,
        6.02019451e+02, 9.51530928e+02],
       [5.42697300e+03, 2.09091084e+00, 4.35746752e+04, 4.28920535e+02,
        1.76028444e+01, 8.21860300e+01, 1.72107990e-08, 8.06017229e-05,
        1.90147044e+03, 1.21916442e+03],
       [1.11171926e-06, 4.24410473e-10, 8.86852711e-06, 8.71329653e-08,
        3.89953303e-09, 1.72107990e-08, 3.39510168e-18, 6.04943210e-16,
        3.76263958e-07, 2.37352371e-07],
       [1.06553855e+00, 1.13956098e-04, 3.68860067e+00, 3.27321392e-04,
        6.80301314e-03, 8.06017229e-05, 6.04943210e-16, 5.71112904e-07,
        9.51773411e-03, 4.76403265e-02],
       [1.52131248e+05, 5.10103522e+01, 1.10049123e+06, 9.62622595e+03,
        6.02019451e+02, 1.90147044e+03, 3.76263958e-07, 9.51773411e-03,
        4.06719392e+04, 2.54906118e+04],
       [1.87995539e+05, 4.34869390e+01, 1.04040250e+06, 6.17216551e+03,
        9.51530928e+02, 1.21916442e+03, 2.37352371e-07, 4.76403265e-02,
        2.54906118e+04, 1.79874884e+04]]), array([[3.65070968e+06, 1.55921819e+02, 1.42887385e+04, 1.69811923e+02,
        1.84734909e+03, 4.93796504e+01, 1.44296032e-04, 1.36383498e+04,
        3.42129706e+06, 6.81585117e+06],
       [1.55921819e+02, 1.38942196e-02, 2.59613081e-01, 3.11953398e-03,
        1.99057018e-01, 2.18429321e-03, 2.18740375e-09, 1.42227654e+00,
        3.28723383e+02, 2.74818141e+02],
       [1.42887385e+04, 2.59613081e-01, 1.54148957e+07, 1.30856548e+05,
        2.51745543e+04, 2.58311758e+04, 1.52634926e-06, 2.56406438e+00,
        7.65825142e+06, 1.17046312e+07],
       [1.69811923e+02, 3.11953398e-03, 1.30856548e+05, 1.70484936e+03,
        7.45075386e+01, 3.34543496e+02, 2.03600801e-08, 4.02619283e-02,
        8.64337618e+04, 5.26360190e+04],
       [1.84734909e+03, 1.99057018e-01, 2.51745543e+04, 7.45075386e+01,
        6.21533948e+01, 1.42201185e+01, 9.11791534e-10, 2.06600159e+01,
        9.27751552e+03, 2.33488752e+04],
       [4.93796504e+01, 2.18429321e-03, 2.58311758e+04, 3.34543496e+02,
        1.42201185e+01, 6.52499986e+01, 3.89883187e-09, 2.35609475e-01,
        1.67178840e+04, 1.13924554e+04],
       [1.44296032e-04, 2.18740375e-09, 1.52634926e-06, 2.03600801e-08,
        9.11791534e-10, 3.89883187e-09, 6.71748463e-15, 2.37979689e-08,
        3.33791192e-05, 2.96493543e-04],
       [1.36383498e+04, 1.42227654e+00, 2.56406438e+00, 4.02619283e-02,
        2.06600159e+01, 2.35609475e-01, 2.37979689e-08, 1.42337236e+02,
        3.32064635e+04, 2.12204376e+04],
       [3.42129706e+06, 3.28723383e+02, 7.65825142e+06, 8.64337618e+04,
        9.27751552e+03, 1.67178840e+04, 3.33791192e-05, 3.32064635e+04,
        9.68379182e+06, 7.26761240e+06],
       [6.81585117e+06, 2.74818141e+02, 1.17046312e+07, 5.26360190e+04,
        2.33488752e+04, 1.13924554e+04, 2.96493543e-04, 2.12204376e+04,
        7.26761240e+06, 1.26452165e+07]]), array([[3.70869845e+06, 1.68278182e+02, 3.41653951e-14, 1.12026996e-14,
        4.61685341e-13, 1.73079259e-14, 1.44521896e-04, 1.37791937e+04,
        4.85739785e+06, 7.17234767e+06],
       [1.68278182e+02, 1.43360078e-02, 1.23114134e-18, 5.56757875e-19,
        1.64947547e-17, 6.19179100e-19, 2.18927845e-09, 1.44613607e+00,
        3.92101912e+02, 2.90180932e+02],
       [3.41653951e-14, 1.23114134e-18, 1.32696455e-33, 1.18495947e-34,
        1.83779603e-32, 6.89298006e-34, 1.15406901e-31, 2.39852208e-19,
        3.36638828e-14, 1.71915621e-13],
       [1.12026996e-14, 5.56757875e-19, 1.18495947e-34, 2.85682075e-35,
        1.56560978e-33, 6.40740696e-35, 5.33454191e-30, 2.12308497e-20,
        2.49914773e-14, 3.71194514e-14],
       [4.61685341e-13, 1.64947547e-17, 1.83779603e-32, 1.56560978e-33,
        2.50552902e-31, 9.53350060e-33, 2.17731772e-31, 9.08528838e-18,
        4.64788135e-13, 2.32886836e-12],
       [1.73079259e-14, 6.19179100e-19, 6.89298006e-34, 6.40740696e-35,
        9.53350060e-33, 3.57209688e-34, 4.03277936e-31, 1.66750784e-20,
        1.70186373e-14, 8.72252820e-14],
       [1.44521896e-04, 2.18927845e-09, 1.15406901e-31, 5.33454191e-30,
        2.17731772e-31, 4.03277936e-31, 6.77147029e-15, 2.39453929e-08,
        3.07765669e-05, 2.92656282e-04],
       [1.37791937e+04, 1.44613607e+00, 2.39852208e-19, 2.12308497e-20,
        9.08528838e-18, 1.66750784e-20, 2.39453929e-08, 1.44793227e+02,
        3.33732182e+04, 2.09879160e+04],
       [4.85739785e+06, 3.92101912e+02, 3.36638828e-14, 2.49914773e-14,
        4.64788135e-13, 1.70186373e-14, 3.07765669e-05, 3.33732182e+04,
        1.27783634e+07, 9.26935429e+06],
       [7.17234767e+06, 2.90180932e+02, 1.71915621e-13, 3.71194514e-14,
        2.32886836e-12, 8.72252820e-14, 2.92656282e-04, 2.09879160e+04,
        9.26935429e+06, 1.71240381e+07]])]

 max variance
[40130331.85600263, 15414895.713235192, 17124038.11995916]

 cost matrix
[array([[ 7.11369828e+02, -9.31258498e+00, -1.52830732e+03,
         6.87621987e+01,  5.32139446e+01, -3.10224766e+01,
         3.74167870e-04,  3.71782296e-01, -7.71923776e+01,
         6.61470706e+00],
       [-9.31258498e+00,  1.34489188e-01,  2.13266356e+01,
        -1.25585117e+00, -6.64346676e-01,  5.60625026e-01,
        -7.29724318e-06, -3.88999015e-03,  1.93263029e+00,
         8.31515081e-01],
       [-1.52830732e+03,  2.13266356e+01,  3.42188960e+03,
        -1.84909265e+02, -1.10824703e+02,  8.26528226e+01,
        -1.05533683e-03, -6.96092427e-01,  2.62500840e+02,
         8.20108628e+01],
       [ 6.87621987e+01, -1.25585117e+00, -1.84909265e+02,
         1.70595147e+01,  4.56624212e+00, -7.93984738e+00,
         1.04633736e-04,  8.97205915e-03, -3.37286708e+01,
        -2.55657063e+01],
       [ 5.32139446e+01, -6.64346676e-01, -1.10824703e+02,
         4.56624212e+00,  5.10851864e+00, -2.48698832e+00,
         2.22902760e-05,  3.19028178e-02, -3.58824441e+00,
         2.62403619e+00],
       [-3.10224766e+01,  5.60625026e-01,  8.26528226e+01,
        -7.93984738e+00, -2.48698832e+00,  4.23738155e+00,
        -4.65102205e-05, -5.86264175e-03,  1.49907038e+01,
         1.13636441e+01],
       [ 3.74167870e-04, -7.29724318e-06, -1.05533683e-03,
         1.04633736e-04,  2.22902760e-05, -4.65102205e-05,
         6.85171160e-10,  9.84151642e-09, -2.16756114e-04,
        -1.71987301e-04],
       [ 3.71782296e-01, -3.88999015e-03, -6.96092427e-01,
         8.97205915e-03,  3.19028178e-02, -5.86264175e-03,
         9.84151642e-09,  2.77737866e-04,  3.10376307e-02,
         7.44830491e-02],
       [-7.71923776e+01,  1.93263029e+00,  2.62500840e+02,
        -3.37286708e+01, -3.58824441e+00,  1.49907038e+01,
        -2.16756114e-04,  3.10376307e-02,  7.60841209e+01,
         6.67260137e+01],
       [ 6.61470706e+00,  8.31515081e-01,  8.20108628e+01,
        -2.55657063e+01,  2.62403619e+00,  1.13636441e+01,
        -1.71987301e-04,  7.44830491e-02,  6.67260137e+01,
         6.72503864e+01]]), array([[ 1.17789591e+03, -7.70139861e+00,  4.93899519e+01,
        -7.17859884e+00, -2.00015721e+01,  5.31651546e+00,
         4.22829983e-03,  4.95122590e+01,  1.26575824e+03,
         1.94924817e+03],
       [-7.70139861e+00,  6.04909821e-02, -2.14782058e-01,
         3.49818499e-02,  1.83081768e-01, -3.15344165e-02,
        -1.64565405e-05, -4.55608485e-01, -1.00860118e+01,
        -1.23876570e+01],
       [ 4.93899519e+01, -2.14782058e-01,  2.11185253e+03,
        -1.40947666e+02, -8.05167996e+01,  6.27634986e+01,
        -4.37391892e-04, -4.56776232e-01,  1.40354680e+03,
         1.81616096e+03],
       [-7.17859884e+00,  3.49818499e-02, -1.40947666e+02,
         1.48604976e+01,  3.87089243e+00, -6.77389690e+00,
         4.46748895e-05, -4.78885416e-02, -1.13854403e+02,
        -1.07127344e+02],
       [-2.00015721e+01,  1.83081768e-01, -8.05167996e+01,
         3.87089243e+00,  4.37807410e+00, -1.96533017e+00,
         9.50590705e-06, -1.54971253e+00, -7.80314472e+01,
        -1.17440078e+02],
       [ 5.31651546e+00, -3.15344165e-02,  6.27634986e+01,
        -6.77389690e+00, -1.96533017e+00,  3.42494830e+00,
        -2.15852235e-05,  1.09672947e-01,  5.44028236e+01,
         6.41816229e+01],
       [ 4.22829983e-03, -1.64565405e-05, -4.37391892e-04,
         4.46748895e-05,  9.50590705e-06, -2.15852235e-05,
         2.91684516e-08,  5.45589489e-05,  1.60535094e-03,
         5.75759473e-03],
       [ 4.95122590e+01, -4.55608485e-01, -4.56776232e-01,
        -4.78885416e-02, -1.54971253e+00,  1.09672947e-01,
         5.45589489e-05,  4.33938054e+00,  6.80030930e+01,
         6.04991325e+01],
       [ 1.26575824e+03, -1.00860118e+01,  1.40354680e+03,
        -1.13854403e+02, -7.80314472e+01,  5.44028236e+01,
         1.60535094e-03,  6.80030930e+01,  2.74774934e+03,
         3.38268132e+03],
       [ 1.94924817e+03, -1.23876570e+01,  1.81616096e+03,
        -1.07127344e+02, -1.17440078e+02,  6.41816229e+01,
         5.75759473e-03,  6.04991325e+01,  3.38268132e+03,
         6.22094314e+03]]), array([[ 1.95996619e+03, -1.30292935e+01, -6.72668584e-08,
        -4.45037522e-09, -2.83765192e-07,  5.57737878e-08,
         4.26626194e-03,  4.99413152e+01,  2.25571062e+03,
         3.22213492e+03],
       [-1.30292935e+01,  9.72563827e-02,  4.00265327e-10,
         9.07934782e-12,  1.79876797e-09, -3.47506254e-10,
        -1.66606119e-05, -4.59988376e-01, -1.70723916e+01,
        -2.08429983e+01],
       [-6.72668584e-08,  4.00265327e-10,  1.29281316e-17,
         3.53321916e-18,  4.77029698e-17, -9.35089093e-18,
        -1.30786210e-16,  1.66242192e-10, -6.74173878e-08,
        -1.48127925e-07],
       [-4.45037522e-09,  9.07934782e-12,  3.53321916e-18,
         3.78084869e-18,  1.75327306e-17, -2.37693075e-18,
         8.11511408e-16,  4.84036673e-11, -2.97225957e-09,
        -4.72462054e-08],
       [-2.83765192e-07,  1.79876797e-09,  4.77029698e-17,
         1.75327306e-17,  1.87315654e-16, -3.46688263e-17,
         1.08426101e-16, -1.09395964e-09, -3.23668042e-07,
        -6.59047192e-07],
       [ 5.57737878e-08, -3.47506254e-10, -9.35089093e-18,
        -2.37693075e-18, -3.46688263e-17,  6.82419238e-18,
         2.33148866e-16,  5.04624200e-11,  6.05216174e-08,
         1.17780932e-07],
       [ 4.26626194e-03, -1.66606119e-05, -1.30786210e-16,
         8.11511408e-16,  1.08426101e-16,  2.33148866e-16,
         2.90940187e-08,  5.47241787e-05,  1.98603458e-03,
         6.06806030e-03],
       [ 4.99413152e+01, -4.59988376e-01,  1.66242192e-10,
         4.84036673e-11, -1.09395964e-09,  5.04624200e-11,
         5.47241787e-05,  4.37071604e+00,  6.87884451e+01,
         6.32617327e+01],
       [ 2.25571062e+03, -1.70723916e+01, -6.74173878e-08,
        -2.97225957e-09, -3.23668042e-07,  6.05216174e-08,
         1.98603458e-03,  6.87884451e+01,  3.16803120e+03,
         3.85666934e+03],
       [ 3.22213492e+03, -2.08429983e+01, -1.48127925e-07,
        -4.72462054e-08, -6.59047192e-07,  1.17780932e-07,
         6.06806030e-03,  6.32617327e+01,  3.85666934e+03,
         6.91622224e+03]])]

 number of difficult parameters
2

 difficult parameters
[[-1, 0, 0, -1, 1, 1, 0, 1, -1, 1], [-1, 1, 1, 1, 0, 0, 1, 1, 0, 0]]
