solve time: 803.9776706695557

 number of functions evaluations
[10000.0, 10000.0, 10000.0]

 variance
[array([[7.39545543e+05, 1.73672619e+02, 9.85883845e+05, 1.95576697e+03,
        2.98631307e+03, 3.70701355e+03, 2.05275619e+05, 7.25324869e+04,
        1.82624149e+04, 1.34399565e+05],
       [1.73672619e+02, 1.07046907e-01, 3.27705372e+02, 4.29074685e-01,
        5.89308770e-01, 9.35845036e-01, 2.67951659e+02, 4.90997889e+02,
        1.72387447e+01, 5.57246008e+01],
       [9.85883845e+05, 3.27705372e+02, 1.99402017e+06, 2.22499019e+03,
        3.29182324e+03, 4.63351065e+03, 2.14272370e+06, 5.46703161e+06,
        1.45439940e+05, 3.89932783e+05],
       [1.95576697e+03, 4.29074685e-01, 2.22499019e+03, 3.26139523e+01,
        1.45070408e+01, 4.96804921e+01, 7.76515494e+02, 4.86157929e+03,
        1.04191295e+02, 4.54064728e+02],
       [2.98631307e+03, 5.89308770e-01, 3.29182324e+03, 1.45070408e+01,
        1.94213476e+02, 6.49259693e+01, 1.10223349e+03, 1.18515244e+04,
        1.68233166e+02, 5.28473611e+02],
       [3.70701355e+03, 9.35845036e-01, 4.63351065e+03, 4.96804921e+01,
        6.49259693e+01, 2.72356911e+02, 2.38014633e+03, 9.82310455e+03,
        2.24320232e+02, 8.15368572e+02],
       [2.05275619e+05, 2.67951659e+02, 2.14272370e+06, 7.76515494e+02,
        1.10223349e+03, 2.38014633e+03, 1.59499783e+07, 4.35221511e+06,
        5.42081273e+05, 1.78348178e+05],
       [7.25324869e+04, 4.90997889e+02, 5.46703161e+06, 4.86157929e+03,
        1.18515244e+04, 9.82310455e+03, 4.35221511e+06, 2.03843687e+08,
        2.20147544e+06, 4.27485340e+06],
       [1.82624149e+04, 1.72387447e+01, 1.45439940e+05, 1.04191295e+02,
        1.68233166e+02, 2.24320232e+02, 5.42081273e+05, 2.20147544e+06,
        4.80975091e+04, 5.43099502e+04],
       [1.34399565e+05, 5.57246008e+01, 3.89932783e+05, 4.54064728e+02,
        5.28473611e+02, 8.15368572e+02, 1.78348178e+05, 4.27485340e+06,
        5.43099502e+04, 5.18204118e+05]]), array([[2.84922091e+05, 1.88186624e+01, 9.33908799e+03, 2.75584125e+02,
        8.01483205e+02, 4.98681907e+02, 3.73954341e+04, 2.49166154e+04,
        2.32892827e+05, 1.18172098e+06],
       [1.88186624e+01, 3.23686264e-03, 1.07065553e+00, 2.58605709e-02,
        5.11748574e-02, 5.26620215e-02, 5.80113585e+01, 4.68095264e+01,
        1.60463622e+01, 1.06037022e+02],
       [9.33908799e+03, 1.07065553e+00, 2.59059770e+06, 1.42534028e+03,
        2.05526147e+03, 3.20563024e+03, 1.85286687e+05, 1.42939525e+05,
        1.19720863e+06, 4.97047493e+06],
       [2.75584125e+02, 2.58605709e-02, 1.42534028e+03, 1.06424250e+01,
        5.45242081e+00, 1.91742093e+01, 8.68044773e+02, 7.55636097e+02,
        1.54631765e+03, 9.49136359e+03],
       [8.01483205e+02, 5.11748574e-02, 2.05526147e+03, 5.45242081e+00,
        1.29727795e+02, 2.45882487e+01, 1.31786276e+03, 1.14042619e+03,
        2.97715803e+03, 1.59489867e+04],
       [4.98681907e+02, 5.26620215e-02, 3.20563024e+03, 1.91742093e+01,
        2.45882487e+01, 1.06642569e+02, 2.13218707e+03, 1.65237327e+03,
        3.17485818e+03, 1.89965477e+04],
       [3.73954341e+04, 5.80113585e+01, 1.85286687e+05, 8.68044773e+02,
        1.31786276e+03, 2.13218707e+03, 5.15160279e+07, 5.27608994e+06,
        1.38382420e+05, 6.99495096e+06],
       [2.49166154e+04, 4.68095264e+01, 1.42939525e+05, 7.55636097e+02,
        1.14042619e+03, 1.65237327e+03, 5.27608994e+06, 1.19623522e+08,
        1.11138535e+05, 1.23386900e+06],
       [2.32892827e+05, 1.60463622e+01, 1.19720863e+06, 1.54631765e+03,
        2.97715803e+03, 3.17485818e+03, 1.38382420e+05, 1.11138535e+05,
        1.09932782e+06, 3.80098746e+06],
       [1.18172098e+06, 1.06037022e+02, 4.97047493e+06, 9.49136359e+03,
        1.59489867e+04, 1.89965477e+04, 6.99495096e+06, 1.23386900e+06,
        3.80098746e+06, 5.30728699e+07]]), array([[7.83700087e+05, 7.02020142e+01, 7.90382561e-33, 2.04399813e-33,
        1.98838636e-33, 5.43033078e-34, 1.29545445e+05, 8.27252721e+04,
        6.48690461e+05, 5.00611570e+06],
       [7.02020142e+01, 1.70667320e-02, 3.17153800e-37, 7.36011163e-38,
        1.03356914e-37, 2.36613141e-38, 1.76095429e+02, 1.48651460e+02,
        6.94778058e+01, 6.90040431e+02],
       [7.90382561e-33, 3.17153800e-37, 3.99459184e-68, 8.93257601e-70,
        1.60413617e-69, 1.83988615e-70, 6.21927846e-33, 4.88596372e-35,
        6.41948450e-33, 4.74630435e-32],
       [2.04399813e-33, 7.36011163e-38, 8.93257601e-70, 3.82470019e-70,
        8.80300820e-71, 6.95396270e-71, 4.62553525e-35, 6.54127852e-36,
        1.82070756e-33, 8.69053596e-33],
       [1.98838636e-33, 1.03356914e-37, 1.60413617e-69, 8.80300820e-71,
        4.17967030e-70, 1.62751637e-71, 3.08743669e-34, 1.20341942e-35,
        1.77462569e-33, 1.40831145e-32],
       [5.43033078e-34, 2.36613141e-38, 1.83988615e-70, 6.95396270e-71,
        1.62751637e-71, 2.48054220e-71, 1.92439424e-35, 2.49444060e-36,
        4.45599571e-34, 4.62281731e-33],
       [1.29545445e+05, 1.76095429e+02, 6.21927846e-33, 4.62553525e-35,
        3.08743669e-34, 1.92439424e-35, 6.30572461e+07, 7.18831521e+06,
        1.26828906e+05, 1.08120981e+07],
       [8.27252721e+04, 1.48651460e+02, 4.88596372e-35, 6.54127852e-36,
        1.20341942e-35, 2.49444060e-36, 7.18831521e+06, 1.67075922e+08,
        7.87484252e+04, 1.86713265e+06],
       [6.48690461e+05, 6.94778058e+01, 6.41948450e-33, 1.82070756e-33,
        1.77462569e-33, 4.45599571e-34, 1.26828906e+05, 7.87484252e+04,
        7.52285500e+05, 4.92289962e+06],
       [5.00611570e+06, 6.90040431e+02, 4.74630435e-32, 8.69053596e-33,
        1.40831145e-32, 4.62281731e-33, 1.08120981e+07, 1.86713265e+06,
        4.92289962e+06, 1.25968729e+08]])]

 max variance
[203843686.7722328, 119623521.6943445, 167075921.93535826]

 cost matrix
[array([[ 4.37062480e+02, -8.34949780e+00, -5.89994357e+02,
         1.88362129e+01,  2.26474783e+01, -2.06183738e+01,
         3.27660301e+02,  6.17581871e+01, -5.52425023e+01,
        -3.54637386e+00],
       [-8.34949780e+00,  2.04814196e-01,  1.34087703e+01,
        -3.46740096e-01, -4.12992577e-01,  3.92080817e-01,
        -1.14250859e+01, -3.65179949e+00,  2.17149131e+00,
         6.89887586e-01],
       [-5.89994357e+02,  1.34087703e+01,  1.01630551e+03,
        -2.48259842e+01, -2.98843544e+01,  2.76808731e+01,
        -9.34175379e+02, -3.30857161e+02,  1.83434235e+02,
         6.76689633e+01],
       [ 1.88362129e+01, -3.46740096e-01, -2.48259842e+01,
         1.72812464e+00,  1.50639829e+00, -1.97128665e+00,
         1.74452372e+01,  8.04094006e+00, -3.60987194e+00,
        -1.64642436e+00],
       [ 2.26474783e+01, -4.12992577e-01, -2.98843544e+01,
         1.50639829e+00,  2.72765748e+00, -2.25294637e+00,
         2.08415020e+01,  1.09283752e+01, -4.42091633e+00,
        -2.15090824e+00],
       [-2.06183738e+01,  3.92080817e-01,  2.76808731e+01,
        -1.97128665e+00, -2.25294637e+00,  3.45605062e+00,
        -2.09647731e+01, -9.18552569e+00,  4.28428490e+00,
         1.89304287e+00],
       [ 3.27660301e+02, -1.14250859e+01, -9.34175379e+02,
         1.74452372e+01,  2.08415020e+01, -2.09647731e+01,
         1.78960898e+03,  3.76809327e+02, -3.28764432e+02,
        -8.21246148e+01],
       [ 6.17581871e+01, -3.65179949e+00, -3.30857161e+02,
         8.04094006e+00,  1.09283752e+01, -9.18552569e+00,
         3.76809327e+02,  1.35265434e+03, -1.74080248e+02,
        -2.07824411e+02],
       [-5.52425023e+01,  2.17149131e+00,  1.83434235e+02,
        -3.60987194e+00, -4.42091633e+00,  4.28428490e+00,
        -3.28764432e+02, -1.74080248e+02,  7.83940841e+01,
         4.69732922e+01],
       [-3.54637386e+00,  6.89887586e-01,  6.76689633e+01,
        -1.64642436e+00, -2.15090824e+00,  1.89304287e+00,
        -8.21246148e+01, -2.07824411e+02,  4.69732922e+01,
         1.13486343e+02]]), array([[ 9.75918311e+01, -9.30470896e-01,  2.92556366e+01,
        -4.00442211e+00, -5.01618402e+00,  4.58241844e+00,
         5.20900662e+01,  2.42817169e+01,  1.07570492e+02,
         3.00755924e+02],
       [-9.30470896e-01,  1.69031859e-02, -4.89310908e-01,
         5.57315569e-02,  6.83930744e-02, -6.37987762e-02,
        -4.11067062e+00, -1.89337177e+00, -1.21065639e+00,
        -4.58684837e+00],
       [ 2.92556366e+01, -4.89310908e-01,  7.07522802e+02,
        -1.61677492e+01, -1.94762734e+01,  1.82152284e+01,
         1.86007947e+02,  8.97431901e+01,  5.31474638e+02,
         1.34428913e+03],
       [-4.00442211e+00,  5.57315569e-02, -1.61677492e+01,
         9.77969158e-01,  8.58585106e-01, -1.14290785e+00,
        -1.54843633e+01, -7.34907231e+00, -1.66936670e+01,
        -4.92730405e+01],
       [-5.01618402e+00,  6.83930744e-02, -1.94762734e+01,
         8.58585106e-01,  1.56348502e+00, -1.31477890e+00,
        -1.89912243e+01, -8.92899960e+00, -2.04211961e+01,
        -5.98518814e+01],
       [ 4.58241844e+00, -6.37987762e-02,  1.82152284e+01,
        -1.14290785e+00, -1.31477890e+00,  2.02081916e+00,
         1.73781705e+01,  8.37079077e+00,  1.87218102e+01,
         5.48227983e+01],
       [ 5.20900662e+01, -4.11067062e+00,  1.86007947e+02,
        -1.54843633e+01, -1.89912243e+01,  1.73781705e+01,
         5.36358927e+03,  9.30104975e+02,  1.86216555e+02,
         2.28143099e+03],
       [ 2.42817169e+01, -1.89337177e+00,  8.97431901e+01,
        -7.34907231e+00, -8.92899960e+00,  8.37079077e+00,
         9.30104975e+02,  2.60085640e+03,  8.96372901e+01,
         4.70124507e+02],
       [ 1.07570492e+02, -1.21065639e+00,  5.31474638e+02,
        -1.66936670e+01, -2.04211961e+01,  1.87218102e+01,
         1.86216555e+02,  8.96372901e+01,  5.24934966e+02,
         1.28942474e+03],
       [ 3.00755924e+02, -4.58684837e+00,  1.34428913e+03,
        -4.92730405e+01, -5.98518814e+01,  5.48227983e+01,
         2.28143099e+03,  4.70124507e+02,  1.28942474e+03,
         5.36162651e+03]]), array([[ 3.35172420e+02, -3.85512078e+00, -8.32753396e-19,
        -1.57398270e-19,  3.67850404e-20,  2.69050680e-20,
         1.85378593e+02,  7.58406501e+01,  3.16835150e+02,
         1.08400958e+03],
       [-3.85512078e+00,  7.33163149e-02,  4.70789790e-21,
        -1.24929600e-21, -6.49837175e-22, -3.58440731e-23,
        -9.45058991e+00, -4.17493938e+00, -3.81862325e+00,
        -1.58191808e+01],
       [-8.32753396e-19,  4.70789790e-21,  5.18188857e-36,
        -3.40139545e-37, -7.30933611e-38,  1.08736867e-37,
         1.03600511e-18, -3.04947757e-20, -7.15760310e-19,
        -1.69984966e-18],
       [-1.57398270e-19, -1.24929600e-21, -3.40139545e-37,
         6.16138298e-37,  1.59562146e-37, -1.24086591e-37,
         4.31549791e-20, -1.00540319e-20, -1.27039207e-19,
        -1.01007964e-18],
       [ 3.67850404e-20, -6.49837175e-22, -7.30933611e-38,
         1.59562146e-37,  8.93323330e-37, -1.25301236e-37,
        -1.49020698e-20, -1.15846551e-20,  1.38402908e-19,
         2.49362848e-19],
       [ 2.69050680e-20, -3.58440731e-23,  1.08736867e-37,
        -1.24086591e-37, -1.25301236e-37,  2.23245778e-37,
         5.82142730e-20,  4.11590838e-21,  7.69110412e-20,
         4.31530544e-19],
       [ 1.85378593e+02, -9.45058991e+00,  1.03600511e-18,
         4.31549791e-20, -1.49020698e-20,  5.82142730e-20,
         6.78663705e+03,  1.22679177e+03,  1.83225049e+02,
         3.07298533e+03],
       [ 7.58406501e+01, -4.17493938e+00, -3.04947757e-20,
        -1.00540319e-20, -1.15846551e-20,  4.11590838e-21,
         1.22679177e+03,  3.48772079e+03,  7.47146096e+01,
         6.10891027e+02],
       [ 3.16835150e+02, -3.81862325e+00, -7.15760310e-19,
        -1.27039207e-19,  1.38402908e-19,  7.69110412e-20,
         1.83225049e+02,  7.47146096e+01,  3.27957819e+02,
         1.07200417e+03],
       [ 1.08400958e+03, -1.58191808e+01, -1.69984966e-18,
        -1.01007964e-18,  2.49362848e-19,  4.31530544e-19,
         3.07298533e+03,  6.10891027e+02,  1.07200417e+03,
         6.20072900e+03]])]
