solve time: 767.755176782608

 number of functions evaluations
[10000.0, 10000.0, 10000.0]

 variance
[array([[7.35765994e+05, 1.75495591e+02, 9.88890056e+05, 1.87080783e+03,
        2.76262448e+03, 3.50762375e+03, 2.04953087e+05, 5.84713703e+04,
        1.73062720e+04, 1.38624633e+05],
       [1.75495591e+02, 1.10682106e-01, 3.30863934e+02, 4.05229107e-01,
        5.78045040e-01, 9.69170728e-01, 2.62816161e+02, 5.29408526e+02,
        1.66799546e+01, 5.67348794e+01],
       [9.88890056e+05, 3.30863934e+02, 1.98247923e+06, 2.11991372e+03,
        3.14451527e+03, 4.37171591e+03, 2.10236811e+06, 5.95798459e+06,
        1.40264913e+05, 4.22197352e+05],
       [1.87080783e+03, 4.05229107e-01, 2.11991372e+03, 3.13487779e+01,
        1.46397690e+01, 5.15766257e+01, 8.04077382e+02, 5.00590433e+03,
        9.22001735e+01, 3.45821254e+02],
       [2.76262448e+03, 5.78045040e-01, 3.14451527e+03, 1.46397690e+01,
        1.27148379e+02, 6.28909045e+01, 9.87844067e+02, 1.26802080e+04,
        1.69302125e+02, 5.84186177e+02],
       [3.50762375e+03, 9.69170728e-01, 4.37171591e+03, 5.15766257e+01,
        6.28909045e+01, 2.87560883e+02, 2.49516199e+03, 6.02951539e+03,
        1.85800023e+02, 6.25764680e+02],
       [2.04953087e+05, 2.62816161e+02, 2.10236811e+06, 8.04077382e+02,
        9.87844067e+02, 2.49516199e+03, 1.57162416e+07, 3.96409491e+06,
        5.25855979e+05, 1.78913647e+05],
       [5.84713703e+04, 5.29408526e+02, 5.95798459e+06, 5.00590433e+03,
        1.26802080e+04, 6.02951539e+03, 3.96409491e+06, 2.45668572e+08,
        2.32836561e+06, 5.74877746e+06],
       [1.73062720e+04, 1.66799546e+01, 1.40264913e+05, 9.22001735e+01,
        1.69302125e+02, 1.85800023e+02, 5.25855979e+05, 2.32836561e+06,
        4.41302892e+04, 6.04345049e+04],
       [1.38624633e+05, 5.67348794e+01, 4.22197352e+05, 3.45821254e+02,
        5.84186177e+02, 6.25764680e+02, 1.78913647e+05, 5.74877746e+06,
        6.04345049e+04, 5.45571428e+05]]), array([[2.75564842e+05, 1.89581796e+01, 9.73654912e+03, 3.08449850e+02,
        4.75165705e+02, 6.05063216e+02, 3.65669065e+04, 2.53365302e+04,
        2.32246506e+05, 1.20443432e+06],
       [1.89581796e+01, 3.32572653e-03, 1.03917268e+00, 2.85982746e-02,
        4.01924988e-02, 5.69047130e-02, 6.05548512e+01, 5.20445847e+01,
        1.68156995e+01, 1.05666122e+02],
       [9.73654912e+03, 1.03917268e+00, 2.51563158e+06, 1.36060658e+03,
        1.75137082e+03, 2.53847015e+03, 1.76748102e+05, 1.44992246e+05,
        1.17748157e+06, 4.92772040e+06],
       [3.08449850e+02, 2.85982746e-02, 1.36060658e+03, 1.33648094e+01,
        5.89333753e+00, 2.29637990e+01, 9.96898760e+02, 7.52042232e+02,
        1.70203828e+03, 1.01789450e+04],
       [4.75165705e+02, 4.01924988e-02, 1.75137082e+03, 5.89333753e+00,
        5.08341248e+01, 2.60568677e+01, 1.30301923e+03, 9.49888718e+02,
        2.32907492e+03, 1.47392638e+04],
       [6.05063216e+02, 5.69047130e-02, 2.53847015e+03, 2.29637990e+01,
        2.60568677e+01, 1.25210760e+02, 2.50688700e+03, 1.80236283e+03,
        3.25844147e+03, 1.95438715e+04],
       [3.65669065e+04, 6.05548512e+01, 1.76748102e+05, 9.96898760e+02,
        1.30301923e+03, 2.50688700e+03, 5.48134871e+07, 5.22946198e+06,
        1.35325555e+05, 7.17690480e+06],
       [2.53365302e+04, 5.20445847e+01, 1.44992246e+05, 7.52042232e+02,
        9.49888718e+02, 1.80236283e+03, 5.22946198e+06, 1.16506391e+08,
        1.02549015e+05, 1.24286949e+06],
       [2.32246506e+05, 1.68156995e+01, 1.17748157e+06, 1.70203828e+03,
        2.32907492e+03, 3.25844147e+03, 1.35325555e+05, 1.02549015e+05,
        1.11578608e+06, 3.84012212e+06],
       [1.20443432e+06, 1.05666122e+02, 4.92772040e+06, 1.01789450e+04,
        1.47392638e+04, 1.95438715e+04, 7.17690480e+06, 1.24286949e+06,
        3.84012212e+06, 5.38596841e+07]]), array([[7.90838465e+05, 6.60327863e+01, 5.79819779e-33, 2.19409978e-33,
        3.99583242e-32, 9.02340258e-34, 1.27095100e+05, 8.67076097e+04,
        6.54835789e+05, 4.81264579e+06],
       [6.60327863e+01, 1.59787870e-02, 2.81439316e-37, 9.28600774e-38,
        9.91115779e-37, 2.99147233e-38, 1.81848635e+02, 1.57153775e+02,
        6.45814862e+01, 6.53350775e+02],
       [5.79819779e-33, 2.81439316e-37, 1.37678095e-69, 4.24524984e-70,
        7.94806139e-69, 1.48002332e-70, 1.32048593e-34, 4.85378377e-35,
        5.39724148e-33, 4.06815619e-32],
       [2.19409978e-33, 9.28600774e-38, 4.24524984e-70, 1.43012195e-69,
        4.57297385e-68, 7.44337317e-70, 6.09196395e-35, 9.18108010e-36,
        2.46953010e-33, 1.12110265e-32],
       [3.99583242e-32, 9.91115779e-37, 7.94806139e-69, 4.57297385e-68,
        1.59843206e-66, 2.57035296e-68, 5.33641301e-34, 1.43489829e-35,
        5.54886423e-32, 1.34717481e-31],
       [9.02340258e-34, 2.99147233e-38, 1.48002332e-70, 7.44337317e-70,
        2.57035296e-68, 4.15966719e-70, 8.06278498e-36, 2.71636088e-36,
        1.13582730e-33, 4.69135815e-33],
       [1.27095100e+05, 1.81848635e+02, 1.32048593e-34, 6.09196395e-35,
        5.33641301e-34, 8.06278498e-36, 6.64894674e+07, 7.16546540e+06,
        1.25200073e+05, 1.10149149e+07],
       [8.67076097e+04, 1.57153775e+02, 4.85378377e-35, 9.18108010e-36,
        1.43489829e-35, 2.71636088e-36, 7.16546540e+06, 1.65128896e+08,
        8.00886722e+04, 1.84686824e+06],
       [6.54835789e+05, 6.45814862e+01, 5.39724148e-33, 2.46953010e-33,
        5.54886423e-32, 1.13582730e-33, 1.25200073e+05, 8.00886722e+04,
        7.42427744e+05, 4.64280770e+06],
       [4.81264579e+06, 6.53350775e+02, 4.06815619e-32, 1.12110265e-32,
        1.34717481e-31, 4.69135815e-33, 1.10149149e+07, 1.84686824e+06,
        4.64280770e+06, 1.22895953e+08]])]

 max variance
[245668572.23118174, 116506390.62733528, 165128896.31920218]

 cost matrix
[array([[ 4.32491405e+02, -8.28985491e+00, -5.81863862e+02,
         1.81632485e+01,  2.21741991e+01, -1.97469774e+01,
         3.23216980e+02,  6.02593758e+01, -5.42663297e+01,
        -1.38360859e+00],
       [-8.28985491e+00,  2.03978718e-01,  1.32432435e+01,
        -3.35643705e-01, -4.05825146e-01,  3.79280340e-01,
        -1.12332401e+01, -3.69993159e+00,  2.12703705e+00,
         6.64801961e-01],
       [-5.81863862e+02,  1.32432435e+01,  9.97033022e+02,
        -2.40421235e+01, -2.91910539e+01,  2.66157645e+01,
        -9.15741459e+02, -3.35262688e+02,  1.79873057e+02,
         6.92960930e+01],
       [ 1.81632485e+01, -3.35643705e-01, -2.40421235e+01,
         1.71172035e+00,  1.47475662e+00, -1.93287764e+00,
         1.71989147e+01,  8.31006681e+00, -3.51637927e+00,
        -1.46384189e+00],
       [ 2.21741991e+01, -4.05825146e-01, -2.91910539e+01,
         1.47475662e+00,  2.51860590e+00, -2.16693109e+00,
         2.02173985e+01,  1.00019676e+01, -4.15303599e+00,
        -1.75669479e+00],
       [-1.97469774e+01,  3.79280340e-01,  2.66157645e+01,
        -1.93287764e+00, -2.16693109e+00,  3.36761479e+00,
        -2.05192216e+01, -8.76016275e+00,  4.09668337e+00,
         1.47312573e+00],
       [ 3.23216980e+02, -1.12332401e+01, -9.15741459e+02,
         1.71989147e+01,  2.02173985e+01, -2.05192216e+01,
         1.76222971e+03,  3.64077287e+02, -3.22469826e+02,
        -8.06107467e+01],
       [ 6.02593758e+01, -3.69993159e+00, -3.35262688e+02,
         8.31006681e+00,  1.00019676e+01, -8.76016275e+00,
         3.64077287e+02,  1.43020391e+03, -1.71454838e+02,
        -2.29468326e+02],
       [-5.42663297e+01,  2.12703705e+00,  1.79873057e+02,
        -3.51637927e+00, -4.15303599e+00,  4.09668337e+00,
        -3.22469826e+02, -1.71454838e+02,  7.59761850e+01,
         4.71081693e+01],
       [-1.38360859e+00,  6.64801961e-01,  6.92960930e+01,
        -1.46384189e+00, -1.75669479e+00,  1.47312573e+00,
        -8.06107467e+01, -2.29468326e+02,  4.71081693e+01,
         1.19730008e+02]]), array([[ 9.79235668e+01, -9.42441958e-01,  2.83930893e+01,
        -4.14531854e+00, -4.86404163e+00,  4.69326607e+00,
         5.20282353e+01,  2.53641961e+01,  1.08432746e+02,
         3.06719698e+02],
       [-9.42441958e-01,  1.72572588e-02, -4.77184003e-01,
         5.70951715e-02,  6.71546636e-02, -6.47482823e-02,
        -4.28311554e+00, -1.95676643e+00, -1.22290907e+00,
        -4.67601656e+00],
       [ 2.83930893e+01, -4.77184003e-01,  6.89209548e+02,
        -1.54827648e+01, -1.86093701e+01,  1.69458544e+01,
         1.82093766e+02,  8.98452595e+01,  5.21715677e+02,
         1.32745671e+03],
       [-4.14531854e+00,  5.70951715e-02, -1.54827648e+01,
         1.00819458e+00,  8.48966154e-01, -1.16935643e+00,
        -1.61408173e+01, -7.41781557e+00, -1.65959255e+01,
        -4.91641596e+01],
       [-4.86404163e+00,  6.71546636e-02, -1.86093701e+01,
         8.48966154e-01,  1.41973160e+00, -1.27376436e+00,
        -1.91206834e+01, -8.60072450e+00, -1.97008128e+01,
        -5.91158973e+01],
       [ 4.69326607e+00, -6.47482823e-02,  1.69458544e+01,
        -1.16935643e+00, -1.27376436e+00,  2.06213371e+00,
         1.81809707e+01,  8.51461100e+00,  1.81452542e+01,
         5.35181513e+01],
       [ 5.20282353e+01, -4.28311554e+00,  1.82093766e+02,
        -1.61408173e+01, -1.91206834e+01,  1.81809707e+01,
         5.54001869e+03,  9.47714940e+02,  1.84559569e+02,
         2.32195131e+03],
       [ 2.53641961e+01, -1.95676643e+00,  8.98452595e+01,
        -7.41781557e+00, -8.60072450e+00,  8.51461100e+00,
         9.47714940e+02,  2.55972760e+03,  8.90706874e+01,
         4.84658010e+02],
       [ 1.08432746e+02, -1.22290907e+00,  5.21715677e+02,
        -1.65959255e+01, -1.97008128e+01,  1.81452542e+01,
         1.84559569e+02,  8.90706874e+01,  5.22073283e+02,
         1.29150046e+03],
       [ 3.06719698e+02, -4.67601656e+00,  1.32745671e+03,
        -4.91641596e+01, -5.91158973e+01,  5.35181513e+01,
         2.32195131e+03,  4.84658010e+02,  1.29150046e+03,
         5.41065816e+03]]), array([[ 3.28776863e+02, -3.73098652e+00, -2.04878226e-19,
        -2.96813464e-19, -3.45908261e-18,  3.43522793e-19,
         1.84327824e+02,  8.09535337e+01,  3.10062073e+02,
         1.05784182e+03],
       [-3.73098652e+00,  7.19941848e-02, -2.15965195e-21,
         1.12201921e-21,  1.84072364e-20, -1.56030830e-21,
        -9.71801586e+00, -4.36017710e+00, -3.68587518e+00,
        -1.55589881e+01],
       [-2.04878226e-19, -2.15965195e-21,  2.46877344e-36,
        -4.16941884e-39, -7.23752032e-37, -5.79158465e-39,
         1.56022898e-19,  6.41425927e-20, -1.69690136e-19,
        -9.31673700e-19],
       [-2.96813464e-19,  1.12201921e-21, -4.16941884e-39,
         8.32170570e-37,  2.18653401e-36, -3.61271307e-37,
         4.80799880e-20,  1.50511285e-21, -4.09605020e-19,
        -1.09563824e-18],
       [-3.45908261e-18,  1.84072364e-20, -7.23752032e-37,
         2.18653401e-36,  1.37675358e-35, -1.65600448e-36,
        -8.49927669e-20,  2.16256432e-20, -3.63477754e-18,
        -6.54385905e-18],
       [ 3.43522793e-19, -1.56030830e-21, -5.79158465e-39,
        -3.61271307e-37, -1.65600448e-36,  3.38062600e-37,
         2.93693274e-20, -3.83472150e-21,  3.45548509e-19,
         6.03847527e-19],
       [ 1.84327824e+02, -9.71801586e+00,  1.56022898e-19,
         4.80799880e-20, -8.49927669e-20,  2.93693274e-20,
         7.00353797e+03,  1.25375303e+03,  1.82838006e+02,
         3.13576221e+03],
       [ 8.09535337e+01, -4.36017710e+00,  6.41425927e-20,
         1.50511285e-21,  2.16256432e-20, -3.83472150e-21,
         1.25375303e+03,  3.46885324e+03,  7.86929311e+01,
         6.29729562e+02],
       [ 3.10062073e+02, -3.68587518e+00, -1.69690136e-19,
        -4.09605020e-19, -3.63477754e-18,  3.45548509e-19,
         1.82838006e+02,  7.86929311e+01,  3.19360916e+02,
         1.04254027e+03],
       [ 1.05784182e+03, -1.55589881e+01, -9.31673700e-19,
        -1.09563824e-18, -6.54385905e-18,  6.03847527e-19,
         3.13576221e+03,  6.29729562e+02,  1.04254027e+03,
         6.13393286e+03]])]
