solve time: 77.97439408302307

 number of processors: 8

 number of functions evaluations
[676.0, 853.0, 853.0]

 variance
[array([[6.24747962e+06, 6.15027278e+02, 1.33960601e+06, 5.34629104e+03,
        1.65330095e+04, 2.25298308e+04, 1.20180974e+00, 2.15962848e+05,
        9.58800659e+05, 5.63671031e+07],
       [6.15027278e+02, 2.48362883e-01, 1.74818629e+02, 6.40537835e-01,
        1.54637962e+00, 3.57067558e+00, 7.20795493e-04, 2.68566126e+02,
        2.10569344e+02, 1.20637077e+04],
       [1.33960601e+06, 1.74818629e+02, 3.58099038e+05, 1.73437631e+03,
        6.33418649e+03, 7.62464298e+03, 6.98690288e-01, 2.75725157e+05,
        6.68095416e+05, 3.41803583e+07],
       [5.34629104e+03, 6.40537835e-01, 1.73437631e+03, 2.52641853e+01,
        1.28825582e+01, 9.03106712e+01, 1.00732899e-03, 2.48233696e+02,
        1.48434882e+03, 9.05886420e+04],
       [1.65330095e+04, 1.54637962e+00, 6.33418649e+03, 1.28825582e+01,
        1.02501979e+03, 1.77955476e+02, 1.23604299e-03, 2.09027769e+02,
        7.58905693e+03, 1.51632828e+05],
       [2.25298308e+04, 3.57067558e+00, 7.62464298e+03, 9.03106712e+01,
        1.77955476e+02, 1.34251047e+03, 2.50357898e-03, 1.31500950e+03,
        4.74983772e+03, 4.03441411e+05],
       [1.20180974e+00, 7.20795493e-04, 6.98690288e-01, 1.00732899e-03,
        1.23604299e-03, 2.50357898e-03, 8.33831916e-06, 5.52809110e-01,
        3.29625570e-01, 3.13543102e+01],
       [2.15962848e+05, 2.68566126e+02, 2.75725157e+05, 2.48233696e+02,
        2.09027769e+02, 1.31500950e+03, 5.52809110e-01, 4.89977447e+05,
        4.36094333e+04, 5.22454523e+05],
       [9.58800659e+05, 2.10569344e+02, 6.68095416e+05, 1.48434882e+03,
        7.58905693e+03, 4.74983772e+03, 3.29625570e-01, 4.36094333e+04,
        7.27653642e+05, 3.17951815e+07],
       [5.63671031e+07, 1.20637077e+04, 3.41803583e+07, 9.05886420e+04,
        1.51632828e+05, 4.03441411e+05, 3.13543102e+01, 5.22454523e+05,
        3.17951815e+07, 4.65015151e+09]]), array([[1.58864556e+02, 4.01062476e-03, 1.98658517e+03, 2.43874452e+01,
        3.80108408e+01, 3.65499440e+02, 9.77835278e-05, 1.26778869e+02,
        4.46615166e+03, 1.66417132e+04],
       [4.01062476e-03, 1.14808791e-07, 3.88258533e-02, 5.49476003e-04,
        7.14120764e-04, 9.49938501e-03, 1.19921888e-09, 8.52147978e-03,
        8.54175589e-02, 3.22688542e-01],
       [1.98658517e+03, 3.88258533e-02, 5.31249592e+06, 2.94302328e+03,
        5.57646054e+03, 1.56189162e+04, 1.78689433e-01, 4.01997076e+04,
        1.86715855e+06, 6.08423922e+06],
       [2.43874452e+01, 5.49476003e-04, 2.94302328e+03, 1.69418238e+01,
        1.05561709e+01, 1.07341559e+02, 2.87131690e-04, 2.23743961e+02,
        3.04072656e+03, 1.05414252e+04],
       [3.80108408e+01, 7.14120764e-04, 5.57646054e+03, 1.05561709e+01,
        6.63184901e+02, 1.42026756e+02, 2.24108537e-04, 2.45566756e+02,
        8.40574064e+03, 3.13817391e+04],
       [3.65499440e+02, 9.49938501e-03, 1.56189162e+04, 1.07341559e+02,
        1.42026756e+02, 1.61321242e+03, 5.76751094e-04, 1.45678103e+03,
        1.66101422e+04, 5.23216157e+04],
       [9.77835278e-05, 1.19921888e-09, 1.78689433e-01, 2.87131690e-04,
        2.24108537e-04, 5.76751094e-04, 1.28413232e-07, 3.93927111e-03,
        1.22297272e-01, 1.14398490e+00],
       [1.26778869e+02, 8.52147978e-03, 4.01997076e+04, 2.23743961e+02,
        2.45566756e+02, 1.45678103e+03, 3.93927111e-03, 2.18131553e+05,
        4.54189829e+04, 6.46954952e+04],
       [4.46615166e+03, 8.54175589e-02, 1.86715855e+06, 3.04072656e+03,
        8.40574064e+03, 1.66101422e+04, 1.22297272e-01, 4.54189829e+04,
        2.80582456e+06, 5.05198067e+06],
       [1.66417132e+04, 3.22688542e-01, 6.08423922e+06, 1.05414252e+04,
        3.13817391e+04, 5.23216157e+04, 1.14398490e+00, 6.46954952e+04,
        5.05198067e+06, 4.19251355e+07]]), array([[1.20318861e+06, 2.12964479e+01, 1.32530386e-13, 8.99878542e-15,
        1.45865111e-13, 2.69145932e-14, 2.29868384e-03, 3.38024479e+04,
        1.15297775e+06, 1.41894756e+07],
       [2.12964479e+01, 8.84663464e-04, 1.73113083e-18, 1.06193900e-19,
        1.01263017e-18, 3.72881516e-19, 9.66644439e-07, 1.26327143e+01,
        2.06478441e+01, 4.00504401e+02],
       [1.32530386e-13, 1.73113083e-18, 1.71318464e-30, 2.05994073e-31,
        3.60436033e-31, 9.68179626e-32, 2.33263819e-32, 5.79225988e-19,
        1.17779740e-13, 3.21423343e-12],
       [8.99878542e-15, 1.06193900e-19, 2.05994073e-31, 2.74660749e-32,
        4.96312515e-32, 7.37679891e-33, 4.47074977e-33, 3.93827749e-19,
        7.11039807e-15, 2.99815177e-13],
       [1.45865111e-13, 1.01263017e-18, 3.60436033e-31, 4.96312515e-32,
        1.51086148e-29, 8.81849416e-32, 4.84702245e-32, 6.24940486e-17,
        4.18538450e-14, 8.47759509e-12],
       [2.69145932e-14, 3.72881516e-19, 9.68179626e-32, 7.37679891e-33,
        8.81849416e-32, 1.72301926e-32, 8.10609535e-33, 8.15566566e-20,
        2.57431553e-14, 3.12433869e-13],
       [2.29868384e-03, 9.66644439e-07, 2.33263819e-32, 4.47074977e-33,
        4.84702245e-32, 8.10609535e-33, 7.13690431e-09, 2.19043257e-02,
        2.60003465e-03, 9.51220922e-03],
       [3.38024479e+04, 1.26327143e+01, 5.79225988e-19, 3.93827749e-19,
        6.24940486e-17, 8.15566566e-20, 2.19043257e-02, 2.86772858e+05,
        3.24046888e+04, 9.56239281e+04],
       [1.15297775e+06, 2.06478441e+01, 1.17779740e-13, 7.11039807e-15,
        4.18538450e-14, 2.57431553e-14, 2.60003465e-03, 3.24046888e+04,
        1.13157655e+06, 1.36149642e+07],
       [1.41894756e+07, 4.00504401e+02, 3.21423343e-12, 2.99815177e-13,
        8.47759509e-12, 3.12433869e-13, 9.51220922e-03, 9.56239281e+04,
        1.36149642e+07, 2.53938698e+09]])]

 max variance
[4650151505.3311, 41925135.49269789, 2539386982.313099]

 cost matrix
[array([[ 1.93440497e+03, -2.81468058e+01, -1.17583828e+03,
         3.77987352e+01,  5.03675978e+01, -4.83468404e+01,
         4.96213337e-01,  8.47023400e+01,  5.46908815e+02,
         3.33274437e+03],
       [-2.81468058e+01,  5.77871981e-01,  2.09154293e+01,
        -5.59416663e-01, -7.02835252e-01,  7.64475906e-01,
        -1.14625908e-02, -4.32733641e+00, -6.87113599e+00,
        -4.61948067e+01],
       [-1.17583828e+03,  2.09154293e+01,  1.09521005e+03,
        -2.99431316e+01, -4.06769288e+01,  3.85805809e+01,
        -4.32682358e-01, -1.73758692e+02, -5.19680201e+01,
        -4.98573242e+02],
       [ 3.77987352e+01, -5.59416663e-01, -2.99431316e+01,
         1.87378349e+00,  1.34965372e+00, -2.62787597e+00,
         1.08900856e-02,  3.39926335e+00,  1.83420525e+00,
         1.43346529e+01],
       [ 5.03675978e+01, -7.02835252e-01, -4.06769288e+01,
         1.34965372e+00,  4.74949813e+00, -3.17147066e+00,
         1.26659770e-02,  3.07450169e+00, -1.58590170e+00,
        -4.43934931e+00],
       [-4.83468404e+01,  7.64475906e-01,  3.85805809e+01,
        -2.62787597e+00, -3.17147066e+00,  7.36471716e+00,
        -1.32508227e-02, -5.64010234e+00, -2.49360992e+00,
        -2.13478670e+01],
       [ 4.96213337e-01, -1.14625908e-02, -4.32682358e-01,
         1.08900856e-02,  1.26659770e-02, -1.32508227e-02,
         1.09706493e-03,  1.24972583e-01,  1.00801047e-01,
         1.00401471e+00],
       [ 8.47023400e+01, -4.32733641e+00, -1.73758692e+02,
         3.39926335e+00,  3.07450169e+00, -5.64010234e+00,
         1.24972583e-01,  2.73241213e+02, -7.99060275e+01,
        -2.48985378e+02],
       [ 5.46908815e+02, -6.87113599e+00, -5.19680201e+01,
         1.83420525e+00, -1.58590170e+00, -2.49360992e+00,
         1.00801047e-01, -7.99060275e+01,  5.85680896e+02,
         3.15705648e+03],
       [ 3.33274437e+03, -4.61948067e+01, -4.98573242e+02,
         1.43346529e+01, -4.43934931e+00, -2.13478670e+01,
         1.00401471e+00, -2.48985378e+02,  3.15705648e+03,
         3.23662128e+04]]), array([[ 1.55072956e+00, -6.35973296e-03,  1.74307238e+01,
        -1.02123769e+00, -1.19338649e+00,  2.42586692e+00,
        -2.18306485e-03, -1.86879612e-03,  1.93630220e+01,
         4.53950406e+01],
       [-6.35973296e-03,  3.08688680e-05, -7.55325170e-02,
         4.27104005e-03,  4.86434191e-03, -1.09290860e-02,
         7.87061102e-06, -6.87620900e-03, -8.35148850e-02,
        -1.80321825e-01],
       [ 1.74307238e+01, -7.55325170e-02,  1.74359820e+03,
        -3.17235200e+01, -4.00307447e+01,  4.48003474e+01,
        -1.30946625e-01,  3.05440298e+01,  1.31451267e+03,
         2.65192705e+03],
       [-1.02123769e+00,  4.27104005e-03, -3.17235200e+01,
         1.57101840e+00,  1.15180997e+00, -2.56849606e+00,
         3.99946600e-03, -1.51753216e+00, -2.96013296e+01,
        -6.71680624e+01],
       [-1.19338649e+00,  4.86434191e-03, -4.00307447e+01,
         1.15180997e+00,  3.43993434e+00, -2.80767428e+00,
         4.12899741e-03, -1.89503088e+00, -3.87872571e+01,
        -8.88801750e+01],
       [ 2.42586692e+00, -1.09290860e-02,  4.48003474e+01,
        -2.56849606e+00, -2.80767428e+00,  7.40586948e+00,
        -4.66386844e-03,  2.28473640e+00,  4.19110972e+01,
         8.91067832e+01],
       [-2.18306485e-03,  7.87061102e-06, -1.30946625e-01,
         3.99946600e-03,  4.12899741e-03, -4.66386844e-03,
         1.08699497e-04,  5.97471189e-03, -1.08043636e-01,
        -3.43341482e-01],
       [-1.86879612e-03, -6.87620900e-03,  3.05440298e+01,
        -1.51753216e+00, -1.89503088e+00,  2.28473640e+00,
         5.97471189e-03,  9.47597498e+01,  2.86235791e+01,
         2.81780719e+01],
       [ 1.93630220e+01, -8.35148850e-02,  1.31451267e+03,
        -2.96013296e+01, -3.87872571e+01,  4.19110972e+01,
        -1.08043636e-01,  2.86235791e+01,  1.25098303e+03,
         2.30286696e+03],
       [ 4.53950406e+01, -1.80321825e-01,  2.65192705e+03,
        -6.71680624e+01, -8.88801750e+01,  8.91067832e+01,
        -3.43341482e-01,  2.81780719e+01,  2.30286696e+03,
         6.77850351e+03]]), array([[ 3.56349617e+02, -1.68796738e+00, -1.83814657e-08,
        -4.22165445e-09, -1.80721263e-08,  6.57007600e-09,
         5.80025445e-03,  4.18209513e+01,  3.37141797e+02,
         2.10951904e+03],
       [-1.68796738e+00,  1.15222313e-02,  6.27017631e-11,
         1.35124981e-11,  4.78322363e-11, -2.29001217e-11,
        -1.13324683e-04, -8.28159979e-01, -1.65173755e+00,
        -1.00265902e+01],
       [-1.83814657e-08,  6.27017631e-11,  7.57654784e-17,
         2.28138718e-17,  3.28616647e-17, -1.88827337e-17,
        -1.03865962e-18, -3.39813349e-11, -1.65708970e-08,
        -4.06857890e-08],
       [-4.22165445e-09,  1.35124981e-11,  2.28138718e-17,
         7.80427679e-18,  1.13959984e-17, -5.07434250e-18,
         3.22272935e-18, -2.82789687e-11, -3.51042714e-09,
        -1.03280418e-08],
       [-1.80721263e-08,  4.78322363e-11,  3.28616647e-17,
         1.13959984e-17,  1.56687574e-16, -1.51704908e-17,
         7.03291128e-18, -2.57878124e-10, -1.01835590e-08,
        -1.20060017e-07],
       [ 6.57007600e-09, -2.29001217e-11, -1.88827337e-17,
        -5.07434250e-18, -1.51704908e-17,  8.04988769e-18,
        -1.57203269e-18,  1.25926400e-11,  5.92230825e-09,
         1.24283849e-08],
       [ 5.80025445e-03, -1.13324683e-04, -1.03865962e-18,
         3.22272935e-18,  7.03291128e-18, -1.57203269e-18,
         1.06550771e-05,  1.90569104e-02,  6.24028314e-03,
         1.81694338e-02],
       [ 4.18209513e+01, -8.28159979e-01, -3.39813349e-11,
        -2.82789687e-11, -2.57878124e-10,  1.25926400e-11,
         1.90569104e-02,  1.39537392e+02,  4.14007125e+01,
         7.45200111e+01],
       [ 3.37141797e+02, -1.65173755e+00, -1.65708970e-08,
        -3.51042714e-09, -1.01835590e-08,  5.92230825e-09,
         6.24028314e-03,  4.14007125e+01,  3.38849437e+02,
         2.04196757e+03],
       [ 2.10951904e+03, -1.00265902e+01, -4.06857890e-08,
        -1.03280418e-08, -1.20060017e-07,  1.24283849e-08,
         1.81694338e-02,  7.45200111e+01,  2.04196757e+03,
         2.38289165e+04]])]

 number of difficult parameters
147

 difficult parameters
[[1, 1, 0, -1, 0, 0, -1, 1, 0, 0], [-1, 0, 0, 1, 0, 0, 0, 0, 0, 1], [0, 0, -1, 0, 1, -1, 0, 0, 0, 0], [0, 0, 0, 1, 1, 0, 1, 0, 0, 1], [1, 1, 0, 1, -1, 0, -1, 0, 1, -1], [1, 0, 1, -1, 0, 0, -1, 1, 0, 0], [-1, 1, -1, 0, 0, 0, 0, 0, 1, -1], [1, 0, 0, 1, 1, 1, -1, 0, 1, 1], [0, 0, 0, -1, -1, -1, 1, 1, 0, 0], [0, -1, 0, -1, 1, -1, 0, 1, -1, 0], [1, -1, 0, 0, 1, -1, 0, 1, -1, 1], [-1, -1, -1, 0, 0, 1, -1, 0, 0, -1], [1, 0, 0, 1, -1, -1, -1, 0, 0, -1], [0, -1, 0, 0, 0, 0, 0, 0, 0, 0], [1, 0, 1, -1, 0, 0, -1, 1, 0, 0], [-1, 0, 1, 1, 1, 0, 0, 0, 1, 1], [-1, 0, 0, 1, 1, 0, 0, 0, 1, 0], [1, 0, 0, -1, 1, 0, 1, 1, 1, 0], [1, -1, -1, 1, 0, 0, 1, 1, 0, 1], [0, 0, 0, 0, -1, 1, 0, 1, 0, -1], [1, 0, 0, -1, -1, 1, 0, 1, 0, 0], [1, 0, 0, -1, -1, -1, -1, 0, 0, -1], [-1, 1, 0, 0, 0, 0, 1, 0, 0, 0], [0, -1, 0, 0, -1, -1, 1, 0, 1, 1], [0, 0, 0, -1, 1, 1, 0, 0, 0, 0], [0, -1, -1, 1, -1, -1, -1, 0, 0, 1], [1, 1, 0, 1, 0, -1, 0, 0, 0, 0], [-1, 0, -1, 0, 0, -1, 1, 0, 1, 0], [0, -1, 1, 1, 0, 0, 1, 0, -1, 1], [1, 0, 1, -1, -1, 0, 0, 1, 1, -1], [1, 1, 0, -1, 0, 0, 1, 0, 0, 1], [0, 0, 0, 0, -1, 0, -1, 0, -1, 0], [0, 0, 0, 1, -1, -1, 0, 1, -1, -1], [0, 0, 1, 0, 1, 0, 1, 0, 0, -1], [0, 0, 1, 1, 0, -1, 0, 0, 0, 0], [1, 1, 1, 0, 0, 1, 0, 1, 0, -1], [-1, 1, -1, 0, 1, 0, 0, 0, 0, 0], [1, 0, 1, 0, 0, 1, -1, 0, -1, 0], [1, 0, 0, 0, 0, 1, 1, 0, 0, 0], [0, 0, 0, 1, 1, 0, 0, 1, 1, 0], [1, 0, 0, 1, 0, 0, 0, 0, 1, 0], [1, 0, 0, 0, 0, 0, 1, 1, -1, 0], [1, 1, 1, 1, -1, 1, 0, 1, 0, 0], [0, -1, 0, -1, 0, -1, -1, 0, 0, -1], [1, 1, 0, -1, 1, 0, -1, 1, 0, 0], [0, -1, 0, 1, 0, 1, 1, 1, 1, 1], [0, 0, 0, 0, -1, 0, 1, 1, 0, -1], [0, 0, 1, 0, 0, 0, 0, 0, -1, 0], [0, 0, 0, 0, -1, 0, 0, 0, -1, -1], [0, 0, 1, -1, 0, 0, 0, 1, -1, 1], [1, 0, 0, -1, 0, 0, -1, 0, 0, 0], [1, -1, 1, 0, 0, 0, 0, 1, 1, 1], [-1, 1, 0, 0, -1, 1, 0, 1, 1, 0], [1, -1, -1, 1, -1, -1, 1, 1, 0, 0], [1, 0, 0, 0, 0, 0, 0, 0, -1, 0], [-1, 0, -1, 1, 0, 0, 0, 0, -1, 0], [-1, 0, 0, -1, 1, 1, 0, 1, 0, 1], [1, 0, 0, 0, 0, 1, -1, 1, 0, 0], [-1, 1, 0, 1, 0, -1, 0, 1, 0, 0], [0, 0, -1, 0, 0, 1, 0, 0, 0, 1], [-1, 1, 0, 0, 0, 0, -1, 0, 0, 1], [1, 1, 0, 1, 0, -1, 0, 0, 0, 0], [-1, 1, 1, 0, 0, 0, 0, 1, -1, 1], [0, -1, 1, 1, -1, -1, 1, 0, -1, 0], [0, -1, 0, 0, 1, 0, 1, 0, 0, -1], [0, 1, -1, 0, 1, -1, 1, 1, 0, 1], [1, 0, 0, 0, 1, -1, 0, 0, 0, 0], [0, -1, 0, 0, 0, 0, 1, 1, 0, 0], [0, 0, 1, 0, 0, 0, 1, 1, 0, 0], [0, -1, 0, 0, -1, 0, 0, 1, -1, 1], [1, 0, -1, 1, 0, 0, 0, 0, 0, 0], [1, 1, 0, -1, 0, 1, 1, 0, 1, -1], [0, 0, 0, 0, 0, 1, -1, 1, 0, 0], [0, 0, 0, 1, 0, 0, -1, 1, 1, 0], [-1, 1, -1, 0, -1, 1, 0, 1, 0, 1], [1, 1, 0, 0, 1, 0, 1, 0, 0, 1], [0, 0, 1, 1, -1, 0, 0, 1, -1, 0], [0, 0, -1, 1, 0, -1, -1, 0, 0, 1], [-1, 1, -1, 0, 1, 0, 0, 0, 1, 1], [1, 0, 0, 0, 0, -1, 1, 1, 1, -1], [1, 0, 1, 0, 0, 1, 1, 1, 0, 0], [0, -1, 1, 1, 0, 0, 0, 1, 0, 1], [1, 0, 0, 1, -1, 1, 1, 1, 0, 1], [1, 0, 1, -1, 0, -1, 1, 0, -1, 0], [0, 1, 0, 1, -1, 0, 0, 1, -1, 1], [1, 0, 0, -1, 0, 1, 0, 1, 1, 0], [0, 0, -1, 1, 1, 0, 0, 1, 0, 0], [-1, 0, 0, 1, 0, 0, -1, 0, 0, 0], [0, 1, 0, 1, 0, 1, -1, 0, 0, 0], [0, 0, -1, 1, -1, 1, 0, 0, 0, -1], [0, 0, 0, 0, 1, 0, -1, 0, 0, 1], [1, -1, 0, 0, 0, 1, 0, 1, 0, -1], [1, 1, 1, 0, 0, 0, -1, 1, 0, 1], [0, -1, 0, -1, 0, 1, 0, 0, 0, -1], [1, 0, 1, 0, 0, -1, 0, 1, 0, 1], [0, 0, 1, 0, -1, 0, 0, 0, 0, 1], [0, 1, 0, 0, 0, 0, 1, 1, 0, 1], [0, 1, -1, -1, -1, 0, 0, 0, 0, 0], [-1, -1, 1, 1, 1, 0, 0, 0, 0, 0], [0, 0, -1, -1, 0, 0, 0, 1, -1, 0], [0, 1, 1, 1, 0, -1, 1, 1, 1, 0], [0, 0, 0, 0, 1, 1, 0, 0, 0, 0], [1, 0, 0, 0, 0, 0, 0, 0, -1, 0], [1, 0, 1, 0, 1, 0, 1, 0, 1, 1], [1, 1, 1, 0, 0, -1, 1, 1, -1, 1], [0, 1, 1, 0, 1, -1, 0, 0, -1, 0], [-1, 1, 0, -1, 1, 0, 1, 1, 0, -1], [0, 0, 1, 0, 0, 1, 0, 1, -1, 0], [1, 0, 1, 0, -1, -1, 0, 1, 0, -1], [1, 1, 1, 0, -1, 0, 0, 0, 0, 1], [0, 1, 0, 0, -1, -1, 1, 1, -1, 1], [-1, -1, 1, 0, 1, 0, -1, 1, 0, 1], [1, 1, -1, 0, -1, 0, 1, 1, 0, 1], [0, 0, -1, 0, 0, -1, 1, 0, 0, 1], [1, 1, -1, 0, 0, -1, 0, 0, 0, 0], [0, 0, 0, 1, 0, -1, -1, 0, 1, 0], [-1, 0, 1, 0, 0, 0, 0, 1, -1, 0], [0, -1, 1, 1, -1, 0, 1, 0, 0, 0], [0, 1, 0, 0, 1, 0, 0, 1, 0, 0], [0, 0, 1, -1, 1, -1, 1, 1, -1, 1], [0, 0, -1, 1, 1, 1, 0, 0, 1, 0], [1, 0, 0, 1, 1, 0, 0, 0, -1, 0], [1, -1, -1, 0, 0, -1, 1, 0, -1, 1], [0, 0, 0, 0, 0, 0, 1, 1, 1, -1], [0, 0, 1, 0, 0, 0, 1, 1, 0, 0], [0, 1, 0, -1, 0, 0, 0, 1, 0, 0], [0, 0, -1, 0, 0, 0, -1, 0, 1, 0], [-1, -1, 1, -1, 1, 0, 1, 1, 1, 0], [-1, 1, 0, 0, 1, 1, 0, 0, 0, -1], [1, 0, 1, -1, -1, 0, -1, 1, 1, 0], [0, 1, 1, 1, -1, 0, 0, 0, 1, -1], [1, 0, 0, 0, -1, 0, -1, 0, -1, 1], [1, 0, 0, 0, 0, 0, 0, 0, -1, 0], [1, 1, 1, 1, 0, 0, -1, 0, -1, -1], [0, 0, 0, 1, 0, -1, -1, 0, 1, 0], [-1, 0, 1, 1, -1, 0, 0, 0, -1, 1], [1, 1, 1, 1, 1, 0, 0, 1, 1, -1], [0, -1, 0, -1, 0, 0, 0, 1, 0, 0], [-1, 0, -1, 0, 0, 0, 1, 0, -1, 1], [0, 0, -1, -1, -1, 0, 1, 1, 0, -1], [0, -1, 0, 1, 1, 0, 0, 0, 0, 0], [0, 1, 0, -1, 1, -1, -1, 0, 0, 1], [1, 0, 1, 1, 1, 1, 0, 0, 1, 0], [0, 0, 0, -1, 1, -1, 0, 0, 0, 0], [0, -1, 0, -1, 0, 1, 0, 1, 1, 1], [-1, 0, 0, -1, 1, -1, 1, 1, 1, 0], [0, 0, 0, -1, 0, 1, 1, 1, 0, 0]]
