solve time: 120.09460258483887

 number of processors: 9

 number of functions evaluations
[707.0, 865.0, 865.0]

 variance
[array([[5.86461378e+06, 5.67153717e+02, 1.23670930e+06, 5.79602199e+03,
        1.76264746e+04, 2.57546864e+04, 8.67441879e-01, 2.51355316e+05,
        9.17573142e+05, 5.61019417e+07],
       [5.67153717e+02, 2.56499775e-01, 1.74538576e+02, 6.44894296e-01,
        1.40135091e+00, 2.95431692e+00, 7.45959498e-04, 3.00731184e+02,
        2.02205123e+02, 1.17462259e+04],
       [1.23670930e+06, 1.74538576e+02, 3.61648521e+05, 1.60758887e+03,
        4.46128440e+03, 6.57583030e+03, 6.98520665e-01, 3.09367475e+05,
        6.37407854e+05, 2.65453121e+07],
       [5.79602199e+03, 6.44894296e-01, 1.60758887e+03, 2.87461742e+01,
        1.09726540e+01, 1.07835844e+02, 1.00871939e-03, 1.47454453e+02,
        1.56129239e+03, 5.48611190e+04],
       [1.76264746e+04, 1.40135091e+00, 4.46128440e+03, 1.09726540e+01,
        5.28281135e+02, 1.21190065e+02, 1.22912024e-03, 2.24220235e+02,
        2.09230522e+03, 8.69633315e+04],
       [2.57546864e+04, 2.95431692e+00, 6.57583030e+03, 1.07835844e+02,
        1.21190065e+02, 1.23551067e+03, 2.90413164e-03, 9.64767226e+02,
        5.16875990e+03, 1.15842004e+05],
       [8.67441879e-01, 7.45959498e-04, 6.98520665e-01, 1.00871939e-03,
        1.22912024e-03, 2.90413164e-03, 8.13418064e-06, 4.55547866e-01,
        2.42767698e-01, 1.95478366e+01],
       [2.51355316e+05, 3.00731184e+02, 3.09367475e+05, 1.47454453e+02,
        2.24220235e+02, 9.64767226e+02, 4.55547866e-01, 6.86636567e+05,
        6.22388268e+04, 7.14283764e+05],
       [9.17573142e+05, 2.02205123e+02, 6.37407854e+05, 1.56129239e+03,
        2.09230522e+03, 5.16875990e+03, 2.42767698e-01, 6.22388268e+04,
        7.14112605e+05, 3.13825198e+07],
       [5.61019417e+07, 1.17462259e+04, 2.65453121e+07, 5.48611190e+04,
        8.69633315e+04, 1.15842004e+05, 1.95478366e+01, 7.14283764e+05,
        3.13825198e+07, 3.62520802e+09]]), array([[1.54534602e+02, 2.09634350e-03, 2.93951397e+03, 3.54112865e+01,
        3.81667882e+01, 3.88710881e+02, 1.46313816e-04, 4.58233389e+01,
        9.73562543e+03, 1.59477536e+04],
       [2.09634350e-03, 3.54786832e-08, 3.97228146e-02, 4.43980290e-04,
        5.92376872e-04, 5.26799187e-03, 1.66260338e-09, 3.86705082e-03,
        1.21524569e-01, 2.18612010e-01],
       [2.93951397e+03, 3.97228146e-02, 5.75948648e+06, 3.51345892e+03,
        4.72697002e+03, 2.08824154e+04, 1.30016616e-01, 3.02246174e+04,
        1.95082000e+06, 6.52235748e+06],
       [3.54112865e+01, 4.43980290e-04, 3.51345892e+03, 3.54819972e+01,
        1.42183697e+01, 1.88148033e+02, 2.75615760e-04, 1.60403747e+02,
        5.11175666e+03, 1.33850506e+04],
       [3.81667882e+01, 5.92376872e-04, 4.72697002e+03, 1.42183697e+01,
        7.44382219e+01, 1.87196052e+02, 2.05148577e-04, 1.71021621e+02,
        6.19252915e+03, 1.94468186e+04],
       [3.88710881e+02, 5.26799187e-03, 2.08824154e+04, 1.88148033e+02,
        1.87196052e+02, 2.63881385e+03, 6.26898210e-04, 5.96381553e+02,
        3.26386134e+04, 6.23176197e+04],
       [1.46313816e-04, 1.66260338e-09, 1.30016616e-01, 2.75615760e-04,
        2.05148577e-04, 6.26898210e-04, 8.88103509e-08, 5.65642796e-03,
        1.10122350e-01, 8.56987417e-01],
       [4.58233389e+01, 3.86705082e-03, 3.02246174e+04, 1.60403747e+02,
        1.71021621e+02, 5.96381553e+02, 5.65642796e-03, 1.67639486e+05,
        4.82258052e+04, 5.96219624e+04],
       [9.73562543e+03, 1.21524569e-01, 1.95082000e+06, 5.11175666e+03,
        6.19252915e+03, 3.26386134e+04, 1.10122350e-01, 4.82258052e+04,
        3.27545034e+06, 5.35617192e+06],
       [1.59477536e+04, 2.18612010e-01, 6.52235748e+06, 1.33850506e+04,
        1.94468186e+04, 6.23176197e+04, 8.56987417e-01, 5.96219624e+04,
        5.35617192e+06, 4.22300741e+07]]), array([[1.26817251e+06, 2.17490642e+01, 2.27003139e-13, 4.45910365e-14,
        1.50629284e-13, 1.89125419e-13, 2.12744215e-03, 3.35802007e+04,
        1.22220888e+06, 1.38527236e+07],
       [2.17490642e+01, 8.72325574e-04, 3.19952732e-18, 7.32774202e-19,
        1.63893070e-18, 2.68214164e-18, 6.21167545e-07, 1.21451749e+01,
        2.09959589e+01, 4.28283295e+02],
       [2.27003139e-13, 3.19952732e-18, 5.64337397e-31, 1.03719125e-31,
        2.27788236e-31, 5.19438565e-31, 3.14106464e-32, 7.37860049e-20,
        2.20346863e-13, 5.46923368e-13],
       [4.45910365e-14, 7.32774202e-19, 1.03719125e-31, 5.60673124e-32,
        4.37923932e-32, 1.09431400e-31, 1.15391703e-32, 7.64712334e-19,
        4.72315759e-14, 1.38543514e-12],
       [1.50629284e-13, 1.63893070e-18, 2.27788236e-31, 4.37923932e-32,
        1.21783437e-29, 2.43064372e-31, 3.01010749e-31, 2.90041139e-18,
        1.11624581e-13, 4.43418328e-12],
       [1.89125419e-13, 2.68214164e-18, 5.19438565e-31, 1.09431400e-31,
        2.43064372e-31, 8.24331738e-31, 1.09428143e-32, 2.22724148e-20,
        1.84018625e-13, 1.50460915e-12],
       [2.12744215e-03, 6.21167545e-07, 3.14106464e-32, 1.15391703e-32,
        3.01010749e-31, 1.09428143e-32, 4.50841883e-09, 1.38964895e-02,
        1.22691533e-03, 8.15685575e-03],
       [3.35802007e+04, 1.21451749e+01, 7.37860049e-20, 7.64712334e-19,
        2.90041139e-18, 2.22724148e-20, 1.38964895e-02, 2.71095340e+05,
        2.85253439e+04, 8.98085841e+04],
       [1.22220888e+06, 2.09959589e+01, 2.20346863e-13, 4.72315759e-14,
        1.11624581e-13, 1.84018625e-13, 1.22691533e-03, 2.85253439e+04,
        1.20223868e+06, 1.40976337e+07],
       [1.38527236e+07, 4.28283295e+02, 5.46923368e-13, 1.38543514e-12,
        4.43418328e-12, 1.50460915e-12, 8.15685575e-03, 8.98085841e+04,
        1.40976337e+07, 2.62338967e+09]])]

 max variance
[3625208021.2643228, 42230074.066193335, 2623389666.959613]

 cost matrix
[array([[ 1.80221250e+03, -2.60733649e+01, -1.11116750e+03,
         3.61478198e+01,  5.04404277e+01, -4.63625136e+01,
         4.08256778e-01,  9.02605227e+01,  4.84883091e+02,
         3.03277490e+03],
       [-2.60733649e+01,  5.41977531e-01,  1.98568351e+01,
        -5.17351419e-01, -6.84416648e-01,  6.75836347e-01,
        -1.04205835e-02, -4.51856340e+00, -5.76762877e+00,
        -4.05278393e+01],
       [-1.11116750e+03,  1.98568351e+01,  1.07373730e+03,
        -2.90567928e+01, -3.88962573e+01,  3.72113782e+01,
        -4.34828505e-01, -1.87554599e+02, -1.05466705e+00,
        -5.18418573e+02],
       [ 3.61478198e+01, -5.17351419e-01, -2.90567928e+01,
         1.87916800e+00,  1.30607628e+00, -2.69395938e+00,
         1.11673988e-02,  3.05585197e+00,  4.07797810e-01,
         1.77609252e+01],
       [ 5.04404277e+01, -6.84416648e-01, -3.88962573e+01,
         1.30607628e+00,  3.96152436e+00, -2.85247379e+00,
         1.16177592e-02,  3.50898872e+00,  5.41361006e-01,
         1.45504605e+01],
       [-4.63625136e+01,  6.75836347e-01,  3.72113782e+01,
        -2.69395938e+00, -2.85247379e+00,  7.12373372e+00,
        -1.24534403e-02, -5.31024311e+00, -1.17258577e-01,
        -2.31484955e+01],
       [ 4.08256778e-01, -1.04205835e-02, -4.34828505e-01,
         1.11673988e-02,  1.16177592e-02, -1.24534403e-02,
         1.01822295e-03,  1.14977748e-01, -3.18285037e-03,
         2.83857125e-01],
       [ 9.02605227e+01, -4.51856340e+00, -1.87554599e+02,
         3.05585197e+00,  3.50898872e+00, -5.31024311e+00,
         1.14977748e-01,  3.02011803e+02, -9.39600387e+01,
        -3.16417574e+02],
       [ 4.84883091e+02, -5.76762877e+00, -1.05466705e+00,
         4.07797810e-01,  5.41361006e-01, -1.17258577e-01,
        -3.18285037e-03, -9.39600387e+01,  5.67012968e+02,
         2.95002419e+03],
       [ 3.03277490e+03, -4.05278393e+01, -5.18418573e+02,
         1.77609252e+01,  1.45504605e+01, -2.31484955e+01,
         2.83857125e-01, -3.16417574e+02,  2.95002419e+03,
         2.82703847e+04]]), array([[ 1.87970086e+00, -6.62212060e-03,  2.03890340e+01,
        -1.25244725e+00, -1.29770528e+00,  2.80636912e+00,
        -2.31308911e-03, -4.63134764e-02,  2.53936196e+01,
         4.85375195e+01],
       [-6.62212060e-03,  2.62760314e-05, -8.42485011e-02,
         4.79914142e-03,  5.12295878e-03, -1.12119497e-02,
         7.79272730e-06, -5.24946414e-03, -1.00774642e-01,
        -1.89749437e-01],
       [ 2.03890340e+01, -8.42485011e-02,  1.82765576e+03,
        -3.65622952e+01, -4.20237611e+01,  5.51386330e+01,
        -1.04113523e-01,  2.40898786e+01,  1.37243386e+03,
         2.77991845e+03],
       [-1.25244725e+00,  4.79914142e-03, -3.65622952e+01,
         1.98184554e+00,  1.38805535e+00, -3.42085204e+00,
         3.96313331e-03, -1.25161145e+00, -3.59780670e+01,
        -7.46793366e+01],
       [-1.29770528e+00,  5.12295878e-03, -4.20237611e+01,
         1.38805535e+00,  2.69694516e+00, -3.44110393e+00,
         3.66216145e-03, -1.56326824e+00, -4.13758750e+01,
        -9.15947086e+01],
       [ 2.80636912e+00, -1.12119497e-02,  5.51386330e+01,
        -3.42085204e+00, -3.44110393e+00,  1.01130982e+01,
        -4.43955411e-03,  1.68684753e+00,  5.56802102e+01,
         1.07115052e+02],
       [-2.31308911e-03,  7.79272730e-06, -1.04113523e-01,
         3.96313331e-03,  3.66216145e-03, -4.43955411e-03,
         8.63303526e-05,  7.87595850e-03, -9.89608900e-02,
        -2.90483583e-01],
       [-4.63134764e-02, -5.24946414e-03,  2.40898786e+01,
        -1.25161145e+00, -1.56326824e+00,  1.68684753e+00,
         7.87595850e-03,  7.60034025e+01,  2.63731091e+01,
         2.36866174e+01],
       [ 2.53936196e+01, -1.00774642e-01,  1.37243386e+03,
        -3.59780670e+01, -4.13758750e+01,  5.56802102e+01,
        -9.89608900e-02,  2.63731091e+01,  1.32783602e+03,
         2.41817348e+03],
       [ 4.85375195e+01, -1.89749437e-01,  2.77991845e+03,
        -7.46793366e+01, -9.15947086e+01,  1.07115052e+02,
        -2.90483583e-01,  2.36866174e+01,  2.41817348e+03,
         6.97477627e+03]]), array([[ 3.52524855e+02, -1.67703623e+00, -3.47612072e-09,
         7.14749497e-09, -1.16072567e-08,  1.43039580e-08,
         5.10615578e-03,  4.02277099e+01,  3.42940749e+02,
         2.00190761e+03],
       [-1.67703623e+00,  1.13393486e-02,  1.21408909e-11,
        -2.06641101e-11,  2.86469475e-11, -5.39511313e-11,
        -7.50404844e-05, -7.84463046e-01, -1.66122561e+00,
        -9.84401307e+00],
       [-3.47612072e-09,  1.21408909e-11,  3.67804496e-17,
        -3.51754029e-18,  2.79177314e-17, -2.33419649e-17,
         3.87887829e-19,  1.10950272e-11, -3.13450508e-09,
        -2.18009929e-08],
       [ 7.14749497e-09, -2.06641101e-11, -3.51754029e-18,
         1.51911162e-17, -7.49130155e-19,  9.07296976e-18,
         6.09861714e-18, -2.58368781e-11,  6.01976366e-09,
        -2.90208554e-08],
       [-1.16072567e-08,  2.86469475e-11,  2.79177314e-17,
        -7.49130155e-19,  1.57868115e-16, -2.17168703e-17,
        -1.89507794e-17,  6.84997687e-12, -9.09693681e-09,
        -8.90578457e-08],
       [ 1.43039580e-08, -5.39511313e-11, -2.33419649e-17,
         9.07296976e-18, -2.17168703e-17,  4.23385455e-17,
         2.79888812e-18, -4.48601435e-12,  1.43692185e-08,
         3.09853904e-09],
       [ 5.10615578e-03, -7.50404844e-05,  3.87887829e-19,
         6.09861714e-18, -1.89507794e-17,  2.79888812e-18,
         6.67203405e-06,  1.21472187e-02,  4.25839582e-03,
         1.55692002e-02],
       [ 4.02277099e+01, -7.84463046e-01,  1.10950272e-11,
        -2.58368781e-11,  6.84997687e-12, -4.48601435e-12,
         1.21472187e-02,  1.30431967e+02,  3.75329590e+01,
         7.02526055e+01],
       [ 3.42940749e+02, -1.66122561e+00, -3.13450508e-09,
         6.01976366e-09, -9.09693681e-09,  1.43692185e-08,
         4.25839582e-03,  3.75329590e+01,  3.52758534e+02,
         2.03974273e+03],
       [ 2.00190761e+03, -9.84401307e+00, -2.18009929e-08,
        -2.90208554e-08, -8.90578457e-08,  3.09853904e-09,
         1.55692002e-02,  7.02526055e+01,  2.03974273e+03,
         2.30455229e+04]])]

 number of difficult parameters
135

 difficult parameters
[[0, -1, 1, 1, 0, 1, 0, 1, 0, -1], [-1, 0, 0, 0, -1, 0, 1, 0, 0, 1], [-1, 0, 0, 1, -1, -1, 0, 0, 0, 0], [0, 0, 1, 0, 0, 0, 0, 0, 0, -1], [0, -1, 0, 0, 0, -1, 1, 0, 0, 0], [0, 0, -1, -1, 0, -1, 0, 0, 0, 0], [-1, 0, 1, 1, -1, 0, -1, 0, -1, -1], [-1, 0, 0, -1, 0, 0, 0, 1, -1, -1], [-1, -1, -1, 1, -1, 0, 1, 1, 0, -1], [0, 1, -1, 0, 1, 1, -1, 0, 0, 0], [1, 1, 0, 0, 0, 1, 0, 1, 1, 0], [0, 1, 0, -1, 0, 0, 1, 1, 0, 0], [-1, 1, 0, 0, 0, 0, -1, 1, -1, 0], [0, 0, 1, 1, 0, 0, -1, 0, 0, 1], [1, -1, -1, 0, 1, 0, 0, 0, 1, 0], [0, -1, -1, 1, 0, -1, -1, 0, 0, 0], [-1, -1, 1, -1, 0, 1, 1, 1, 1, -1], [1, -1, 0, 1, -1, 1, 0, 1, -1, -1], [0, -1, -1, -1, 0, 0, 0, 1, -1, 1], [0, -1, 0, 0, 0, 0, 1, 1, 1, -1], [0, 1, 0, 0, 0, 0, 0, 0, -1, 0], [-1, 1, 0, 0, 0, 1, 0, 1, 0, -1], [-1, 0, 0, 0, 1, 0, 0, 0, 1, -1], [0, 0, 1, 1, 1, 1, 0, 1, 0, 1], [0, 0, 0, 0, 0, 0, -1, 0, -1, 0], [-1, 1, -1, -1, -1, 1, 1, 1, 0, 1], [-1, 0, 0, 0, 1, -1, 0, 1, 1, -1], [0, 0, 0, 0, 1, 1, 0, 0, 0, 0], [0, -1, 0, -1, 0, 0, 0, 1, 1, 1], [1, -1, -1, 0, 0, 1, 0, 1, 0, 1], [0, -1, -1, -1, 0, 1, 0, 0, -1, 0], [0, -1, -1, 0, -1, 0, 0, 1, 0, 0], [0, -1, -1, 0, -1, -1, 0, 0, 1, -1], [1, 1, 0, 0, 0, 0, 0, 0, 1, 1], [1, 1, -1, 0, 0, 1, -1, 0, 0, 1], [1, 0, 1, -1, 0, 1, 0, 1, 0, 0], [0, 0, 0, -1, 0, -1, -1, 0, -1, 0], [0, 1, 0, -1, 1, 0, -1, 1, -1, 0], [1, -1, 0, 0, 0, 0, 0, 1, 0, 0], [0, -1, 1, -1, 0, 1, 0, 0, 1, 0], [0, 1, 1, -1, -1, 0, 1, 1, 0, 1], [0, -1, 0, 1, 0, 0, 0, 1, 0, -1], [0, 0, -1, 0, 0, 0, 0, 0, 1, -1], [0, 0, -1, 0, 1, 1, -1, 1, 0, 1], [-1, 0, 0, 0, -1, 1, 1, 0, 0, 1], [0, 0, 1, 1, -1, 0, -1, 1, -1, 0], [0, 0, -1, 0, -1, 1, -1, 1, 0, -1], [0, 0, -1, -1, 1, -1, 0, 0, 1, -1], [1, 0, 0, -1, 1, 0, 1, 1, -1, 0], [-1, -1, 0, -1, 0, 0, 1, 1, 1, 1], [-1, -1, 0, 1, -1, 1, 0, 0, 0, 0], [-1, 0, 0, 0, 1, 0, 0, 1, 0, 0], [1, 1, -1, -1, 1, 0, 0, 1, -1, 0], [-1, -1, 0, 1, 0, 0, 0, 1, 1, 0], [0, 0, 0, 0, -1, -1, 1, 1, 0, 0], [1, 0, -1, 0, 0, 0, 1, 1, 0, 0], [0, -1, 0, 0, -1, 1, 0, 1, 0, 1], [0, 0, 1, 0, 0, 0, 0, 1, 0, 0], [-1, -1, 0, -1, -1, 1, 0, 1, 0, -1], [0, 0, 0, 0, 0, 0, 1, 1, 0, 0], [1, 0, 0, 1, 1, 1, 1, 1, -1, 0], [0, 0, -1, -1, 0, 0, 1, 1, 0, 0], [-1, 1, -1, 0, 1, 0, 0, 0, 1, 1], [1, 1, -1, 0, -1, -1, 0, 0, 1, 0], [0, 0, 0, -1, 1, 0, 0, 1, 0, 1], [0, 1, 0, 1, 1, 1, 0, 0, 0, -1], [-1, 0, 1, 0, 0, 1, 1, 1, 1, 0], [1, -1, 0, 0, 0, 0, 0, 1, 0, 0], [0, 0, 0, -1, 0, -1, 0, 0, -1, 1], [1, -1, -1, 0, 0, 0, 1, 1, 1, 0], [1, 1, 1, 1, 1, -1, -1, 0, -1, 0], [0, -1, -1, 1, 1, 0, 0, 1, -1, 0], [0, 1, 0, 0, -1, 0, 0, 0, 1, 0], [1, 0, 0, 0, 1, 1, -1, 1, 0, 0], [0, 1, 1, 0, 1, 0, 0, 1, 1, 0], [1, -1, 1, 0, 0, -1, 1, 0, 0, 0], [0, 0, 1, 0, 1, 1, 0, 1, 0, 0], [0, 1, 1, 0, 1, 1, -1, 1, 0, 0], [0, 0, 1, -1, -1, -1, 0, 1, 0, 0], [0, 0, 1, 0, 1, 0, 1, 0, 0, -1], [-1, -1, -1, 0, 0, 1, 0, 1, 0, 1], [0, 0, 0, 1, -1, 1, 1, 1, 0, 1], [0, 0, 1, 1, 1, 0, -1, 0, 1, 0], [1, 0, -1, 0, 1, 0, 0, 1, -1, 0], [-1, -1, 1, 0, 0, -1, 1, 1, -1, 0], [-1, 1, 0, 0, -1, -1, 0, 1, 0, -1], [0, 1, 0, 0, 0, 0, 0, 0, -1, -1], [0, 1, 1, 0, 0, 0, -1, 1, 0, 0], [0, 0, 1, -1, -1, 0, 1, 0, 0, 1], [0, -1, 0, -1, 0, 1, 1, 0, 0, -1], [0, 0, 0, 0, 1, 0, -1, 0, 0, 1], [-1, 0, -1, -1, 0, 0, 0, 1, 1, 0], [0, -1, -1, -1, 0, 0, -1, 1, 1, -1], [-1, 1, 0, 1, 0, 0, 0, 1, 0, 1], [0, 0, 0, -1, 1, -1, 1, 1, 0, 1], [0, -1, 1, 1, 0, 0, -1, 1, -1, 1], [-1, -1, 1, 0, 0, 0, 0, 1, 0, 0], [0, -1, 0, 0, 0, 0, 0, 1, 1, 0], [0, -1, -1, 1, 0, -1, 0, 0, 1, 0], [0, 1, 1, 0, -1, 0, -1, 1, 0, 0], [0, -1, 0, 1, -1, 0, 1, 1, -1, 0], [-1, -1, 0, 1, 0, 0, 0, 0, 0, -1], [-1, 1, 1, 0, 0, 0, 0, 0, 0, -1], [0, 0, 1, 0, 0, 1, 0, 0, 0, 0], [1, 1, -1, -1, 0, 0, -1, 1, 0, 0], [1, 0, 1, -1, -1, -1, 0, 0, 0, 0], [0, -1, 0, 1, -1, 0, -1, 1, -1, 0], [1, 0, 0, 1, 0, 0, 0, 1, 1, 0], [0, 1, -1, 1, -1, 0, 1, 1, 0, 0], [0, 0, 0, 0, 0, 0, 0, 0, -1, 1], [0, 0, 0, 0, 1, 0, -1, 0, 0, 1], [-1, 0, 0, 0, 0, -1, 1, 1, 1, 1], [1, 0, 0, 1, 0, 1, 0, 0, 1, 0], [-1, 1, 0, 1, 0, -1, 0, 0, -1, 0], [1, 0, 0, 0, 0, 1, 1, 0, 0, 0], [0, 1, 1, 0, -1, 1, 1, 1, 0, -1], [1, 0, 1, -1, -1, 0, 1, 1, 1, 0], [-1, 0, 0, 1, 0, 1, 0, 1, 0, 1], [-1, 1, 0, 1, 0, 0, 1, 1, 1, 1], [0, -1, -1, -1, 0, 0, -1, 1, -1, 0], [1, 1, 0, -1, 0, 0, 1, 0, 0, 0], [0, 0, 1, 0, 1, -1, 0, 0, 1, -1], [1, 0, 0, 0, 0, 1, 0, 1, -1, 1], [0, 0, 0, -1, -1, 0, 0, 1, 1, -1], [1, 0, -1, 0, -1, 0, 0, 0, 1, 0], [1, -1, 1, 0, 0, 0, 1, 0, 0, -1], [0, -1, -1, 0, -1, 0, 0, 1, 1, 0], [-1, 0, 1, 1, 0, 0, 0, 0, 1, -1], [0, 0, -1, 0, -1, -1, 0, 0, 0, -1], [0, 0, 0, 0, -1, 1, 0, 1, 1, 0], [0, 0, 0, 1, 0, 0, -1, 0, 1, 0], [1, 1, -1, 0, 1, 1, 0, 0, 1, 0], [0, 1, 0, 0, -1, -1, 0, 1, 0, 0], [-1, 0, 0, 0, -1, 0, 1, 1, 1, 0], [1, 0, 0, 0, 0, 1, -1, 1, 0, 0]]
