solve time: 5.756408452987671

 number of processors: 1

 number of functions evaluations
[9.0, 9.0, 9.0]

 variance
[array([[2.16969843e+06, 3.28161023e+02, 5.13204438e+05, 5.64639631e+03,
        2.21518796e+03, 3.53986999e+04, 5.57580661e-01, 2.99879089e+05,
        9.69994499e+05, 1.28620269e+08],
       [3.28161023e+02, 6.38522577e-01, 1.65516356e+02, 8.96926378e-01,
        3.49731068e-01, 5.83419924e+00, 9.73611890e-03, 5.46052752e+02,
        2.15256163e+02, 2.08596743e+04],
       [5.13204438e+05, 1.65516356e+02, 5.70243178e+05, 9.95740502e+02,
        8.96577902e+02, 6.74401017e+03, 2.22859584e+00, 7.21875694e+05,
        4.22704702e+05, 2.73158583e+07],
       [5.64639631e+03, 8.96926378e-01, 9.95740502e+02, 2.52264846e+01,
        8.89805973e+00, 1.53657718e+02, 3.03413616e-04, 6.44978454e+01,
        1.41248752e+03, 2.13541260e+05],
       [2.21518796e+03, 3.49731068e-01, 8.96577902e+02, 8.89805973e+00,
        3.84870078e+00, 5.42255550e+01, 2.09667120e-04, 8.32820120e+01,
        8.70041804e+02, 1.07968401e+05],
       [3.53986999e+04, 5.83419924e+00, 6.74401017e+03, 1.53657718e+02,
        5.42255550e+01, 9.20160153e+02, 3.78337112e-05, 1.44894058e+01,
        8.22353937e+03, 1.28335096e+06],
       [5.57580661e-01, 9.73611890e-03, 2.22859584e+00, 3.03413616e-04,
        2.09667120e-04, 3.78337112e-05, 1.22930906e-04, 5.68275096e+00,
        7.63890407e-02, 2.25955012e-01],
       [2.99879089e+05, 5.46052752e+02, 7.21875694e+05, 6.44978454e+01,
        8.32820120e+01, 1.44894058e+01, 5.68275096e+00, 1.08345248e+06,
        1.30834388e+05, 6.69719949e+05],
       [9.69994499e+05, 2.15256163e+02, 4.22704702e+05, 1.41248752e+03,
        8.70041804e+02, 8.22353937e+03, 7.63890407e-02, 1.30834388e+05,
        2.21800630e+05, 4.01086508e+07],
       [1.28620269e+08, 2.08596743e+04, 2.73158583e+07, 2.13541260e+05,
        1.07968401e+05, 1.28335096e+06, 2.25955012e-01, 6.69719949e+05,
        4.01086508e+07, 6.45463241e+09]]), array([[6.91853298e-01, 9.26464456e-06, 1.24136789e+02, 1.57107454e+00,
        5.60951166e-01, 9.58545102e+00, 5.86616050e-09, 3.08257531e-01,
        9.44207949e+01, 4.38633545e+03],
       [9.26464456e-06, 1.24487947e-10, 1.83596503e-03, 2.10153990e-05,
        7.46539753e-06, 1.28972639e-04, 1.38293691e-12, 1.76135186e-05,
        1.42696283e-03, 5.97837184e-02],
       [1.24136789e+02, 1.83596503e-03, 2.33057488e+07, 5.35787885e+02,
        1.62136292e+03, 4.64091051e+02, 4.74248147e-05, 1.17495772e+03,
        3.31431084e+06, 1.07424450e+07],
       [1.57107454e+00, 2.10153990e-05, 5.35787885e+02, 3.75165464e+00,
        1.24936979e+00, 2.19269599e+01, 3.14502951e-07, 3.33646129e+00,
        7.74065564e+02, 1.22390608e+04],
       [5.60951166e-01, 7.46539753e-06, 1.62136292e+03, 1.24936979e+00,
        1.35523926e+00, 7.81248968e+00, 1.00561677e-08, 4.83569643e-01,
        2.74273139e+02, 3.26919988e+03],
       [9.58545102e+00, 1.28972639e-04, 4.64091051e+02, 2.19269599e+01,
        7.81248968e+00, 1.31948676e+02, 9.24891756e-08, 1.93902264e+00,
        5.15124815e+02, 6.09303607e+04],
       [5.86616050e-09, 1.38293691e-12, 4.74248147e-05, 3.14502951e-07,
        1.00561677e-08, 9.24891756e-08, 3.27121543e-10, 3.29829923e-03,
        2.84403224e-05, 1.44931978e-04],
       [3.08257531e-01, 1.76135186e-05, 1.17495772e+03, 3.33646129e+00,
        4.83569643e-01, 1.93902264e+00, 3.29829923e-03, 3.31667682e+04,
        6.48303855e+02, 2.08609205e+03],
       [9.44207949e+01, 1.42696283e-03, 3.31431084e+06, 7.74065564e+02,
        2.74273139e+02, 5.15124815e+02, 2.84403224e-05, 6.48303855e+02,
        1.48866374e+06, 6.82214295e+06],
       [4.38633545e+03, 5.97837184e-02, 1.07424450e+07, 1.22390608e+04,
        3.26919988e+03, 6.09303607e+04, 1.44931978e-04, 2.08609205e+03,
        6.82214295e+06, 4.83832138e+07]]), array([[7.23676666e+06, 1.22698208e+02, 2.77948229e-21, 1.74840689e-20,
        2.49203187e-19, 1.88330602e-18, 5.11945348e-07, 1.56621041e+05,
        7.07913224e+06, 1.67357085e+07],
       [1.22698208e+02, 3.15512714e-03, 4.66170039e-26, 2.92770851e-25,
        4.15317918e-24, 3.15287005e-23, 1.21194934e-10, 3.72420216e+01,
        1.19463923e+02, 2.71356568e+02],
       [2.77948229e-21, 4.66170039e-26, 2.34067665e-46, 1.57448565e-45,
        1.98651716e-44, 1.64363090e-43, 4.03274243e-36, 8.18730834e-31,
        2.72848267e-21, 4.28232807e-19],
       [1.74840689e-20, 2.92770851e-25, 1.57448565e-45, 1.04918830e-44,
        1.29860594e-43, 1.09232016e-42, 2.52241981e-35, 5.11543949e-30,
        1.71611735e-20, 2.68739763e-18],
       [2.49203187e-19, 4.15317918e-24, 1.98651716e-44, 1.29860594e-43,
        1.58937589e-42, 1.34760293e-41, 3.50771733e-34, 6.80754348e-29,
        2.44510312e-19, 3.59051996e-17],
       [1.88330602e-18, 3.15287005e-23, 1.64363090e-43, 1.09232016e-42,
        1.34760293e-41, 1.13588819e-40, 2.70721196e-33, 5.38008160e-28,
        1.84850663e-18, 2.83423307e-16],
       [5.11945348e-07, 1.21194934e-10, 4.03274243e-36, 2.52241981e-35,
        3.50771733e-34, 2.70721196e-33, 1.02190752e-13, 3.36639299e-06,
        2.01289508e-07, 1.00781919e-06],
       [1.56621041e+05, 3.72420216e+01, 8.18730834e-31, 5.11543949e-30,
        6.80754348e-29, 5.38008160e-28, 3.36639299e-06, 8.39220316e+05,
        6.20389041e+04, 3.17102998e+05],
       [7.07913224e+06, 1.19463923e+02, 2.72848267e-21, 1.71611735e-20,
        2.44510312e-19, 1.84850663e-18, 2.01289508e-07, 6.20389041e+04,
        6.91022679e+06, 1.64920377e+07],
       [1.67357085e+07, 2.71356568e+02, 4.28232807e-19, 2.68739763e-18,
        3.59051996e-17, 2.83423307e-16, 1.00781919e-06, 3.17102998e+05,
        1.64920377e+07, 1.14718197e+09]])]

 max variance
[6454632410.592952, 48383213.82110718, 1147181973.072612]

 cost matrix
[array([[ 1.38917569e+03, -2.39353692e+01, -1.01577644e+03,
         3.74954660e+01,  3.85005424e+01, -7.69927777e+01,
         3.54260956e-01,  2.40813255e+02,  4.81528614e+02,
         5.67751260e+03],
       [-2.39353692e+01,  6.68416058e-01,  2.12382384e+01,
        -6.12269616e-01, -5.72967934e-01,  1.07630385e+00,
        -3.58248777e-02, -1.15081618e+01, -6.15786325e+00,
        -7.21559949e+01],
       [-1.01577644e+03,  2.12382384e+01,  1.11493213e+03,
        -2.27033944e+01, -3.21040484e+01,  4.08962085e+01,
        -7.27152350e-01, -3.87515543e+02, -8.39073039e+01,
        -2.25157316e+03],
       [ 3.74954660e+01, -6.12269616e-01, -2.27033944e+01,
         1.96144384e+00,  1.21978580e+00, -4.43171816e+00,
         8.93813573e-03,  3.80826479e+00,  1.47615944e+01,
         1.61737734e+02],
       [ 3.85005424e+01, -5.72967934e-01, -3.21040484e+01,
         1.21978580e+00,  1.44733986e+00, -2.80080016e+00,
         5.49003489e-03,  3.39934065e+00,  1.01645812e+01,
         1.57171873e+02],
       [-7.69927777e+01,  1.07630385e+00,  4.08962085e+01,
        -4.43171816e+00, -2.80080016e+00,  1.07491165e+01,
        -2.95694404e-03, -1.76103413e+00, -3.29305968e+01,
        -3.83811076e+02],
       [ 3.54260956e-01, -3.58248777e-02, -7.27152350e-01,
         8.93813573e-03,  5.49003489e-03, -2.95694404e-03,
         4.48122365e-03,  8.06983960e-01, -1.29597928e-01,
        -2.06644553e-01],
       [ 2.40813255e+02, -1.15081618e+01, -3.87515543e+02,
         3.80826479e+00,  3.39934065e+00, -1.76103413e+00,
         8.06983960e-01,  4.95187967e+02, -1.31333690e+02,
        -2.93398133e+02],
       [ 4.81528614e+02, -6.15786325e+00, -8.39073039e+01,
         1.47615944e+01,  1.01645812e+01, -3.29305968e+01,
        -1.29597928e-01, -1.31333690e+02,  3.99887774e+02,
         3.42290459e+03],
       [ 5.67751260e+03, -7.21559949e+01, -2.25157316e+03,
         1.61737734e+02,  1.57171873e+02, -3.83811076e+02,
        -2.06644553e-01, -2.93398133e+02,  3.42290459e+03,
         3.94490890e+04]]), array([[ 3.89038784e-01, -1.40853272e-03,  7.99477805e+00,
        -5.39034766e-01, -3.91116098e-01,  1.22601764e+00,
        -2.76471633e-05, -2.56911363e-01,  7.45782816e+00,
         3.37412214e+01],
       [-1.40853272e-03,  5.16765686e-06, -3.03197227e-02,
         1.98740515e-03,  1.39178449e-03, -4.40561406e-03,
        -2.61952464e-07, -2.97189078e-04, -2.85668723e-02,
        -1.27793284e-01],
       [ 7.99477805e+00, -3.03197227e-02,  2.44009843e+03,
        -1.55771627e+01, -3.05912177e+01,  1.42078003e+01,
         6.45298866e-04, -6.91149133e+00,  1.32831405e+03,
         2.69411200e+03],
       [-5.39034766e-01,  1.98740515e-03, -1.55771627e+01,
         9.75085399e-01,  5.59289659e-01, -1.79514702e+00,
        -1.05869472e-04, -3.00308700e-01, -1.68199071e+01,
        -6.45591644e+01],
       [-3.91116098e-01,  1.39178449e-03, -3.05912177e+01,
         5.59289659e-01,  1.01325363e+00, -1.17903647e+00,
         2.78471142e-05,  2.28174229e-01, -1.94747904e+01,
        -6.15317282e+01],
       [ 1.22601764e+00, -4.40561406e-03,  1.42078003e+01,
        -1.79514702e+00, -1.17903647e+00,  4.28497767e+00,
        -7.43263822e-05, -4.25548386e-01,  1.45952391e+01,
         9.74152052e+01],
       [-2.76471633e-05, -2.61952464e-07,  6.45298866e-04,
        -1.05869472e-04,  2.78471142e-05, -7.43263822e-05,
         6.03600570e-06,  1.91448935e-02, -2.91462449e-04,
        -3.49591424e-03],
       [-2.56911363e-01, -2.97189078e-04, -6.91149133e+00,
        -3.00308700e-01,  2.28174229e-01, -4.25548386e-01,
         1.91448935e-02,  6.13923653e+01, -6.72357298e+00,
        -1.34782981e+01],
       [ 7.45782816e+00, -2.85668723e-02,  1.32831405e+03,
        -1.68199071e+01, -1.94747904e+01,  1.45952391e+01,
        -2.91462449e-04, -6.72357298e+00,  9.44234279e+02,
         2.09751750e+03],
       [ 3.37412214e+01, -1.27793284e-01,  2.69411200e+03,
        -6.45591644e+01, -6.15317282e+01,  9.74152052e+01,
        -3.49591424e-03, -1.34782981e+01,  2.09751750e+03,
         6.69087280e+03]]), array([[ 1.57431062e+03, -7.16700133e+00, -2.48575908e-11,
        -5.34126404e-11,  1.05755614e-10, -4.37169970e-10,
         2.63633039e-04,  1.46781982e+02,  1.53148869e+03,
         3.51041527e+03],
       [-7.16700133e+00,  3.97886086e-02,  1.01482936e-13,
         2.16635958e-13, -4.40095511e-13,  1.79417776e-12,
        -3.94292003e-06, -2.10362245e+00, -6.74907696e+00,
        -1.53995223e+01],
       [-2.48575908e-11,  1.01482936e-13,  5.87481567e-24,
         1.34443615e-23, -4.37172088e-23,  1.35011099e-22,
        -9.31515580e-19, -4.01980039e-16, -2.46223128e-11,
        -2.95317248e-10],
       [-5.34126404e-11,  2.16635958e-13,  1.34443615e-23,
         3.42772427e-23, -1.19031325e-22,  3.48161161e-22,
        -1.93476254e-18, -7.93475027e-16, -5.28809876e-11,
        -5.80273577e-10],
       [ 1.05755614e-10, -4.40095511e-13, -4.37172088e-23,
        -1.19031325e-22,  4.33136014e-22, -1.22474507e-21,
         4.35956646e-18,  2.21322177e-15,  1.04914020e-10,
         1.58793198e-09],
       [-4.37169970e-10,  1.79417776e-12,  1.35011099e-22,
         3.48161161e-22, -1.22474507e-21,  3.55307323e-21,
        -1.68316557e-17, -7.70626462e-15, -4.33214726e-10,
        -5.57350542e-09],
       [ 2.63633039e-04, -3.94292003e-06, -9.31515580e-19,
        -1.93476254e-18,  4.35956646e-18, -1.68316557e-17,
         1.07681240e-07,  8.91996807e-04,  1.74018085e-04,
         4.23684942e-04],
       [ 1.46781982e+02, -2.10362245e+00, -4.01980039e-16,
        -7.93475027e-16,  2.21322177e-15, -7.70626462e-15,
         8.91996807e-04,  3.06880536e+02,  9.72697510e+01,
         2.08882360e+02],
       [ 1.53148869e+03, -6.74907696e+00, -2.46223128e-11,
        -5.28809876e-11,  1.04914020e-10, -4.33214726e-10,
         1.74018085e-04,  9.72697510e+01,  1.49692950e+03,
         3.43773173e+03],
       [ 3.51041527e+03, -1.53995223e+01, -2.95317248e-10,
        -5.80273577e-10,  1.58793198e-09, -5.57350542e-09,
         4.23684942e-04,  2.08882360e+02,  3.43773173e+03,
         2.06527224e+04]])]

 number of difficult parameters
1

 difficult parameters
[[0, 0, 1, -1, 0, 0, 0, 1, 0, -1]]
