solve time: 131.79813599586487

 number of processors: 9

 number of functions evaluations
[688.0, 847.0, 847.0]

 variance
[array([[6.30481437e+06, 6.01226026e+02, 1.34363070e+06, 7.44404787e+03,
        1.98607121e+04, 1.50249479e+04, 1.02475970e+00, 2.20141132e+05,
        9.22172794e+05, 6.22394416e+07],
       [6.01226026e+02, 2.37218217e-01, 1.67870712e+02, 7.73410543e-01,
        2.07454900e+00, 2.69713838e+00, 5.03961153e-04, 2.55320688e+02,
        2.03719593e+02, 1.30997247e+04],
       [1.34363070e+06, 1.67870712e+02, 3.36953566e+05, 2.17020941e+03,
        6.20032688e+03, 6.94824186e+03, 5.64125892e-01, 3.07493190e+05,
        6.04717142e+05, 2.74135249e+07],
       [7.44404787e+03, 7.73410543e-01, 2.17020941e+03, 5.34692274e+01,
        9.42535368e+00, 6.86058114e+01, 1.28862384e-03, 2.47999329e+02,
        1.73702045e+03, 4.80026889e+04],
       [1.98607121e+04, 2.07454900e+00, 6.20032688e+03, 9.42535368e+00,
        7.01490733e+02, 8.16665594e+01, 2.70331677e-03, 1.99944027e+02,
        3.06376879e+03, 7.20119552e+04],
       [1.50249479e+04, 2.69713838e+00, 6.94824186e+03, 6.86058114e+01,
        8.16665594e+01, 6.45041429e+02, 9.22146208e-03, 1.08549296e+03,
        4.76359627e+03, 1.70923330e+05],
       [1.02475970e+00, 5.03961153e-04, 5.64125892e-01, 1.28862384e-03,
        2.70331677e-03, 9.22146208e-03, 5.59950617e-06, 3.46954268e-01,
        3.08950195e-01, 2.91997707e+01],
       [2.20141132e+05, 2.55320688e+02, 3.07493190e+05, 2.47999329e+02,
        1.99944027e+02, 1.08549296e+03, 3.46954268e-01, 6.05269673e+05,
        6.31519717e+04, 1.01030957e+06],
       [9.22172794e+05, 2.03719593e+02, 6.04717142e+05, 1.73702045e+03,
        3.06376879e+03, 4.76359627e+03, 3.08950195e-01, 6.31519717e+04,
        6.67822676e+05, 3.16423781e+07],
       [6.22394416e+07, 1.30997247e+04, 2.74135249e+07, 4.80026889e+04,
        7.20119552e+04, 1.70923330e+05, 2.91997707e+01, 1.01030957e+06,
        3.16423781e+07, 3.64863553e+09]]), array([[2.71248681e+01, 2.99722082e-04, 1.90485200e+03, 1.19627822e+01,
        1.24097492e+01, 9.07903798e+01, 2.18648617e-04, 4.09547721e+01,
        2.80672663e+03, 1.18834928e+04],
       [2.99722082e-04, 4.93933209e-09, 2.57555850e-02, 1.45753653e-04,
        1.47897669e-04, 1.17743285e-03, 3.06663932e-09, 2.46551855e-03,
        4.12257268e-02, 1.44506193e-01],
       [1.90485200e+03, 2.57555850e-02, 6.34872563e+06, 3.57264714e+03,
        6.02527389e+03, 1.64877812e+04, 1.88218759e-01, 2.21497022e+04,
        1.91277585e+06, 6.48563338e+06],
       [1.19627822e+01, 1.45753653e-04, 3.57264714e+03, 3.54294541e+01,
        8.82184179e+00, 9.79174591e+01, 3.28134745e-04, 8.03857121e+01,
        4.53246907e+03, 1.31540400e+04],
       [1.24097492e+01, 1.47897669e-04, 6.02527389e+03, 8.82184179e+00,
        2.85805326e+02, 1.08391088e+02, 9.15943722e-04, 1.11339564e+02,
        7.89796403e+03, 3.68975293e+04],
       [9.07903798e+01, 1.17743285e-03, 1.64877812e+04, 9.79174591e+01,
        1.08391088e+02, 1.21889962e+03, 2.27277853e-03, 3.92857498e+02,
        1.95291343e+04, 6.47399619e+04],
       [2.18648617e-04, 3.06663932e-09, 1.88218759e-01, 3.28134745e-04,
        9.15943722e-04, 2.27277853e-03, 1.88490137e-07, 3.97910714e-03,
        1.35034140e-01, 1.63904585e+00],
       [4.09547721e+01, 2.46551855e-03, 2.21497022e+04, 8.03857121e+01,
        1.11339564e+02, 3.92857498e+02, 3.97910714e-03, 1.45081913e+05,
        2.14714432e+04, 4.25948101e+04],
       [2.80672663e+03, 4.12257268e-02, 1.91277585e+06, 4.53246907e+03,
        7.89796403e+03, 1.95291343e+04, 1.35034140e-01, 2.14714432e+04,
        2.48761140e+06, 5.14011899e+06],
       [1.18834928e+04, 1.44506193e-01, 6.48563338e+06, 1.31540400e+04,
        3.68975293e+04, 6.47399619e+04, 1.63904585e+00, 4.25948101e+04,
        5.14011899e+06, 4.70498817e+07]]), array([[1.28216072e+06, 2.26007234e+01, 3.30222840e-14, 5.95888116e-13,
        4.26295011e-13, 6.27941829e-14, 1.63898081e-03, 4.07990433e+04,
        1.23514110e+06, 1.45256635e+07],
       [2.26007234e+01, 9.87565654e-04, 4.39202665e-19, 8.53146499e-18,
        4.34986461e-18, 8.90684993e-19, 6.19056427e-07, 1.47301582e+01,
        2.18770011e+01, 4.45755931e+02],
       [3.30222840e-14, 4.39202665e-19, 2.21177977e-30, 1.33770857e-30,
        7.22207158e-31, 1.23261679e-31, 2.08289582e-32, 1.23776393e-22,
        3.37668805e-14, 2.10450280e-12],
       [5.95888116e-13, 8.53146499e-18, 1.33770857e-30, 7.79930565e-30,
        4.96162778e-31, 1.27971103e-31, 5.77857154e-33, 1.20602887e-21,
        5.68894837e-13, 8.39101869e-12],
       [4.26295011e-13, 4.34986461e-18, 7.22207158e-31, 4.96162778e-31,
        7.37537032e-29, 3.24374469e-31, 7.56604629e-32, 2.28776512e-20,
        3.02663284e-13, 1.46392527e-11],
       [6.27941829e-14, 8.90684993e-19, 1.23261679e-31, 1.27971103e-31,
        3.24374469e-31, 1.03689234e-31, 4.43777740e-33, 1.77317701e-22,
        5.68824328e-14, 1.44718048e-12],
       [1.63898081e-03, 6.19056427e-07, 2.08289582e-32, 5.77857154e-33,
        7.56604629e-32, 4.43777740e-33, 4.62989066e-09, 1.42486896e-02,
        1.79782458e-03, 9.08877026e-03],
       [4.07990433e+04, 1.47301582e+01, 1.23776393e-22, 1.20602887e-21,
        2.28776512e-20, 1.77317701e-22, 1.42486896e-02, 3.29186157e+05,
        3.69783817e+04, 1.12838336e+05],
       [1.23514110e+06, 2.18770011e+01, 3.37668805e-14, 5.68894837e-13,
        3.02663284e-13, 5.68824328e-14, 1.79782458e-03, 3.69783817e+04,
        1.21470989e+06, 1.48058145e+07],
       [1.45256635e+07, 4.45755931e+02, 2.10450280e-12, 8.39101869e-12,
        1.46392527e-11, 1.44718048e-12, 9.08877026e-03, 1.12838336e+05,
        1.48058145e+07, 2.75503163e+09]])]

 max variance
[3648635533.155887, 47049881.71653153, 2755031630.6020837]

 cost matrix
[array([[ 1.98659979e+03, -2.80886004e+01, -1.17895711e+03,
         4.26616709e+01,  6.08877476e+01, -5.31660334e+01,
         4.17316961e-01,  8.96453369e+01,  5.37810213e+02,
         3.73283949e+03],
       [-2.80886004e+01,  5.62858443e-01,  2.05032514e+01,
        -5.92471242e-01, -8.22884480e-01,  8.21306587e-01,
        -8.67757977e-03, -4.54881403e+00, -6.63582220e+00,
        -5.08962911e+01],
       [-1.17895711e+03,  2.05032514e+01,  1.05714784e+03,
        -3.18715901e+01, -4.35366270e+01,  4.27086362e+01,
        -3.59331035e-01, -1.91707208e+02, -5.66211913e+01,
        -9.92932628e+02],
       [ 4.26616709e+01, -5.92471242e-01, -3.18715901e+01,
         2.31064979e+00,  1.50510007e+00, -3.00951031e+00,
         1.16652964e-02,  3.12360866e+00,  2.01091360e+00,
         3.12571836e+01],
       [ 6.08877476e+01, -8.22884480e-01, -4.35366270e+01,
         1.50510007e+00,  5.08953269e+00, -3.28362786e+00,
         1.45534501e-02,  3.81130368e+00,  3.26267947e+00,
         4.97639419e+01],
       [-5.31660334e+01,  8.21306587e-01,  4.27086362e+01,
        -3.00951031e+00, -3.28362786e+00,  7.60891149e+00,
        -1.93512705e-02, -4.99439581e+00, -2.66570577e+00,
        -4.71515118e+01],
       [ 4.17316961e-01, -8.67757977e-03, -3.59331035e-01,
         1.16652964e-02,  1.45534501e-02, -1.93512705e-02,
         8.37943125e-04,  1.05363689e-01,  6.83969536e-02,
         6.71052645e-01],
       [ 8.96453369e+01, -4.54881403e+00, -1.91707208e+02,
         3.12360866e+00,  3.81130368e+00, -4.99439581e+00,
         1.05363689e-01,  2.89041876e+02, -9.46448680e+01,
        -3.64696990e+02],
       [ 5.37810213e+02, -6.63582220e+00, -5.66211913e+01,
         2.01091360e+00,  3.26267947e+00, -2.66570577e+00,
         6.83969536e-02, -9.46448680e+01,  5.62875955e+02,
         3.16281614e+03],
       [ 3.73283949e+03, -5.08962911e+01, -9.92932628e+02,
         3.12571836e+01,  4.97639419e+01, -4.71515118e+01,
         6.71052645e-01, -3.64696990e+02,  3.16281614e+03,
         3.09406056e+04]]), array([[ 1.25271656e+00, -4.32366437e-03,  1.92688386e+01,
        -1.06139372e+00, -1.14636361e+00,  2.06921038e+00,
        -2.90663130e-03, -2.97384541e-01,  2.05033416e+01,
         5.05688250e+01],
       [-4.32366437e-03,  1.73305655e-05, -7.89610267e-02,
         4.01494269e-03,  4.27134930e-03, -8.23759750e-03,
         1.07126627e-05, -2.90584629e-03, -8.35652155e-02,
        -1.93978961e-01],
       [ 1.92688386e+01, -7.89610267e-02,  1.83704700e+03,
        -3.25900016e+01, -4.31248089e+01,  4.65982106e+01,
        -1.35531266e-01,  1.38398186e+01,  1.32418154e+03,
         2.73679463e+03],
       [-1.06139372e+00,  4.01494269e-03, -3.25900016e+01,
         1.78691742e+00,  1.18562749e+00, -2.65671879e+00,
         4.50459687e-03, -5.24239753e-01, -3.13716466e+01,
        -7.17815470e+01],
       [-1.14636361e+00,  4.27134930e-03, -4.31248089e+01,
         1.18562749e+00,  3.79667520e+00, -2.78006089e+00,
         6.33268498e-03, -9.44687592e-01, -4.17103972e+01,
        -1.00225699e+02],
       [ 2.06921038e+00, -8.23759750e-03,  4.65982106e+01,
        -2.65671879e+00, -2.78006089e+00,  7.27385129e+00,
        -7.91144965e-03,  8.03820644e-01,  4.46919989e+01,
         1.00776303e+02],
       [-2.90663130e-03,  1.07126627e-05, -1.35531266e-01,
         4.50459687e-03,  6.33268498e-03, -7.91144965e-03,
         1.24545751e-04,  6.06606043e-03, -1.15812090e-01,
        -4.00762231e-01],
       [-2.97384541e-01, -2.90584629e-03,  1.38398186e+01,
        -5.24239753e-01, -9.44687592e-01,  8.03820644e-01,
         6.06606043e-03,  6.51074378e+01,  1.11136558e+01,
         3.75218771e+00],
       [ 2.05033416e+01, -8.35652155e-02,  1.32418154e+03,
        -3.13716466e+01, -4.17103972e+01,  4.46919989e+01,
        -1.15812090e-01,  1.11136558e+01,  1.21717258e+03,
         2.33108201e+03],
       [ 5.05688250e+01, -1.93978961e-01,  2.73679463e+03,
        -7.17815470e+01, -1.00225699e+02,  1.00776303e+02,
        -4.00762231e-01,  3.75218771e+00,  2.33108201e+03,
         7.19959091e+03]]), array([[ 3.68715458e+02, -1.79975977e+00, -9.16133527e-11,
         3.02146174e-08, -2.81030381e-08,  7.56183165e-09,
         4.37940558e-03,  4.83140463e+01,  3.57689543e+02,
         2.14008974e+03],
       [-1.79975977e+00,  1.27371550e-02,  8.47363978e-12,
        -1.23642169e-10,  7.39405635e-11, -2.18136560e-11,
        -7.33733592e-05, -9.37440840e-01, -1.78672106e+00,
        -1.06346476e+01],
       [-9.16133527e-11,  8.47363978e-12,  6.61939986e-17,
         3.95605702e-17,  3.74351273e-17, -8.84602330e-18,
         5.22183725e-18, -1.44220686e-13, -9.98676454e-10,
        -2.28512408e-08],
       [ 3.02146174e-08, -1.23642169e-10,  3.95605702e-17,
         1.65651141e-16,  4.93118598e-17, -1.57169442e-17,
         4.77708842e-18,  7.96264351e-13,  2.96361928e-08,
         1.61420830e-07],
       [-2.81030381e-08,  7.39405635e-11,  3.74351273e-17,
         4.93118598e-17,  4.60496454e-16, -3.48881460e-17,
         1.69223403e-17,  5.45479307e-12, -2.13707736e-08,
        -1.11039495e-07],
       [ 7.56183165e-09, -2.18136560e-11, -8.84602330e-18,
        -1.57169442e-17, -3.48881460e-17,  2.35988718e-17,
        -3.49064290e-18,  6.14228096e-13,  7.26841669e-09,
        -2.92995365e-08],
       [ 4.37940558e-03, -7.33733592e-05,  5.22183725e-18,
         4.77708842e-18,  1.69223403e-17, -3.49064290e-18,
         6.43489085e-06,  1.16503714e-02,  4.55434869e-03,
         1.68755057e-02],
       [ 4.83140463e+01, -9.37440840e-01, -1.44220686e-13,
         7.96264351e-13,  5.45479307e-12,  6.14228096e-13,
         1.16503714e-02,  1.52606265e+02,  4.66557917e+01,
         8.68726176e+01],
       [ 3.57689543e+02, -1.78672106e+00, -9.98676454e-10,
         2.96361928e-08, -2.13707736e-08,  7.26841669e-09,
         4.55434869e-03,  4.66557917e+01,  3.66788690e+02,
         2.16728794e+03],
       [ 2.14008974e+03, -1.06346476e+01, -2.28512408e-08,
         1.61420830e-07, -1.11039495e-07, -2.92995365e-08,
         1.68755057e-02,  8.68726176e+01,  2.16728794e+03,
         2.48016735e+04]])]

 number of difficult parameters
153

 difficult parameters
[[0, -1, 0, 0, 0, -1, 0, 0, 1, 0], [1, 0, -1, 0, 1, -1, 0, 0, 1, 0], [1, -1, 0, 1, 0, 0, 0, 1, 0, 1], [0, 0, 0, 0, 1, 1, -1, 0, 0, 1], [-1, 0, 0, 0, 0, -1, 1, 1, 0, 0], [1, 0, 0, 0, -1, 0, 0, 1, 1, -1], [0, -1, -1, -1, 0, -1, 1, 1, 1, 0], [0, 0, 1, -1, 0, -1, 1, 1, 0, 0], [1, 0, 1, -1, 0, -1, -1, 1, 0, 0], [-1, 0, 1, -1, 1, 0, 1, 1, -1, 1], [-1, -1, -1, -1, 0, 1, 0, 0, 0, 0], [1, 1, 0, 0, 0, 1, 0, 1, 1, 0], [1, 0, 0, 0, 1, 0, 0, 1, -1, 0], [0, 0, 0, 0, 0, 0, -1, 0, -1, 0], [0, 1, 0, 0, 0, 0, 0, 1, 1, 0], [0, 0, 1, 0, 0, 1, 0, 0, 0, 0], [0, 0, -1, -1, 0, 0, 1, 0, 0, -1], [1, 0, 0, 1, 0, 0, -1, 0, -1, 0], [0, 0, 0, 0, 1, 0, 0, 1, -1, 0], [0, 0, 0, 1, 0, 1, 1, 0, 0, 0], [-1, 0, 0, 1, 0, 0, 1, 0, 1, 0], [1, 0, 0, 0, 1, 1, -1, 1, 0, 0], [-1, 0, 0, 0, 1, -1, 0, 0, 0, 1], [-1, 1, -1, 0, 0, 1, 1, 1, 1, 0], [0, 1, -1, 0, 1, 0, -1, 1, -1, 0], [-1, 0, -1, 0, 0, 0, 0, 1, 1, 0], [-1, -1, -1, 0, 1, 1, 0, 1, 0, 1], [-1, 0, 1, 0, 0, 0, -1, 1, 0, 1], [0, 0, -1, 1, -1, 1, 0, 0, 1, 0], [1, 0, 1, 1, 1, 1, -1, 1, 0, 1], [1, -1, 0, -1, 1, 0, 0, 0, 1, -1], [-1, -1, 1, 0, 0, -1, 1, 1, 1, 0], [0, 0, 0, 0, 0, 0, 1, 1, -1, 0], [-1, 0, 1, -1, -1, -1, -1, 0, 0, 0], [-1, 0, 0, 1, 0, 0, 0, 0, 0, 0], [1, 0, 0, 1, 1, 1, 0, 1, 0, 1], [0, -1, 0, 0, 1, 1, 0, 1, 1, 0], [0, -1, 0, -1, 1, -1, 0, 0, 1, 0], [0, 1, 0, 1, 0, -1, -1, 1, 0, 0], [-1, -1, 0, 0, -1, 1, 0, 1, 1, 0], [-1, 1, 0, 0, -1, 0, 1, 0, 0, -1], [0, 0, 0, 0, 0, 0, 0, 1, 1, 0], [0, 0, -1, 0, 0, 1, 0, 0, 0, 1], [1, -1, 1, 0, 0, 0, 0, 1, 0, 1], [0, 1, -1, 1, -1, 0, -1, 1, -1, 1], [1, 0, 1, 0, -1, -1, 0, 0, 0, 0], [1, 0, 0, -1, 1, -1, 0, 1, -1, 0], [-1, 0, 0, 0, 1, -1, -1, 0, 0, 0], [-1, -1, 0, -1, 1, 1, -1, 1, -1, 1], [-1, 0, 0, 1, 0, 0, 1, 1, -1, 0], [-1, 1, 0, 0, 0, -1, -1, 0, 0, 0], [0, -1, 0, -1, 0, -1, 1, 0, 1, 0], [1, -1, 0, 1, 1, 1, 0, 1, -1, 1], [0, 0, -1, 1, -1, 1, 0, 0, -1, 0], [0, -1, 0, 1, 1, 0, 0, 0, 0, 0], [1, 0, 0, -1, -1, 1, 0, 1, -1, 1], [-1, 0, 1, 1, 1, 1, 1, 1, 1, 1], [1, -1, 0, 1, 0, 0, -1, 1, 0, 0], [0, 0, 1, 0, -1, -1, -1, 0, 1, -1], [1, -1, 0, 1, 0, 0, 1, 1, 1, 0], [1, 0, 0, 0, 1, 1, 0, 0, 0, -1], [-1, 0, 0, -1, -1, 1, -1, 0, 0, -1], [0, 0, 1, 0, 0, 0, -1, 1, -1, 0], [0, 0, 1, -1, 0, 0, 1, 1, 0, 0], [-1, 0, 1, -1, 1, 1, 0, 1, -1, 0], [-1, 1, 0, 1, 1, 1, -1, 0, -1, 1], [1, 0, -1, -1, 0, 0, 0, 1, 0, -1], [-1, 0, 1, 0, 1, 0, -1, 0, -1, 0], [0, 0, 1, 1, -1, -1, 0, 1, 0, -1], [-1, 1, 0, 0, -1, 1, 0, 1, 0, 0], [1, 0, -1, 0, 0, 0, -1, 1, 1, 0], [1, 1, 1, 0, -1, 0, 1, 1, -1, 0], [0, 1, 1, 0, 0, 0, 0, 1, 0, -1], [1, 0, 0, -1, 1, 1, 1, 0, -1, -1], [0, 1, 1, -1, 0, -1, 0, 1, 0, -1], [0, 0, -1, 0, -1, 0, 0, 1, 1, 0], [-1, 0, 1, 1, 1, 1, 0, 1, 0, 1], [1, 1, -1, 0, 0, -1, 0, 0, 0, 0], [-1, 0, 0, 1, 0, 0, 0, 0, 0, 0], [1, 0, 1, 0, -1, -1, 0, 0, 0, 0], [1, -1, 1, -1, 1, -1, 1, 1, 1, 0], [0, 1, 0, 0, 1, 0, 0, 1, 0, 0], [0, 1, 0, 1, 1, 0, 0, 1, 1, 1], [0, 0, -1, 0, -1, -1, -1, 1, -1, 1], [0, 0, 1, 0, -1, 1, -1, 1, 0, 0], [-1, 0, -1, 0, 1, 0, -1, 0, 0, 1], [-1, -1, -1, -1, 0, 0, 0, 1, 0, 0], [1, 0, 1, 1, -1, -1, -1, 1, -1, 0], [-1, 0, 1, 0, 0, 1, 1, 1, 0, -1], [0, 0, 0, 0, -1, 1, 0, 0, 0, 0], [1, 0, -1, -1, -1, -1, 0, 1, 0, 0], [0, 0, 0, 1, -1, -1, -1, 0, 1, -1], [0, 0, 0, 0, -1, 0, 1, 1, -1, -1], [0, 0, 0, -1, 0, 0, -1, 0, -1, 0], [0, 0, -1, 0, -1, -1, 0, 0, 0, -1], [0, 1, 0, 0, 0, 0, 1, 0, 0, -1], [0, 0, 0, 1, 0, -1, 0, 1, 0, 0], [0, 1, 1, 0, 1, 0, -1, 0, -1, 1], [1, -1, 0, 0, 0, 0, 1, 1, -1, 1], [1, -1, 0, 1, 1, -1, -1, 0, 0, 1], [-1, -1, 1, 0, 0, 0, -1, 1, -1, 0], [-1, 0, 0, 1, 0, 0, 1, 1, -1, 0], [0, 0, 0, -1, -1, 0, -1, 0, 0, -1], [0, 0, 0, 0, 0, 1, -1, 1, 0, 0], [0, 0, 0, 1, 0, 0, 0, 1, 0, 1], [0, -1, 0, 0, 0, 0, 1, 1, 0, 0], [0, -1, 0, 1, -1, 0, 0, 0, 0, -1], [0, 0, -1, 0, 0, -1, 0, 0, -1, 0], [0, -1, 0, 0, -1, 0, 0, 1, 0, 1], [1, -1, 0, 0, 0, 0, 0, 1, 0, -1], [0, 1, 1, 0, 0, 1, 1, 1, -1, 0], [1, 0, -1, 1, 0, 1, 0, 0, -1, 0], [1, 0, 0, 0, 0, -1, 0, 1, -1, 1], [0, 0, 0, 0, 1, 0, 1, 1, 1, -1], [0, 0, 0, 0, 1, 0, 0, 0, 1, 0], [1, 0, -1, 0, 0, 1, -1, 1, 0, 0], [0, -1, 1, 0, 0, 0, -1, 1, 0, 1], [0, 0, 0, 0, 1, 0, 0, 1, 1, 0], [1, 0, 0, 0, -1, -1, 0, 1, 0, 1], [-1, -1, 1, -1, 0, 0, 1, 1, -1, 0], [-1, 1, 0, -1, -1, 0, 0, 1, -1, 0], [0, 0, -1, 0, 0, 0, -1, 0, -1, 0], [0, 0, -1, -1, 1, 1, 1, 1, 0, 1], [-1, 0, 1, 1, -1, 1, 0, 1, -1, 0], [-1, 0, 0, 1, 1, 0, -1, 0, -1, 0], [1, 0, 0, -1, 1, -1, 0, 1, -1, 1], [-1, 0, 0, -1, 1, 1, 1, 1, 0, 0], [0, 0, 0, 0, 0, 1, 0, 1, 1, 0], [-1, 1, 1, 0, 0, 0, 0, 1, -1, 1], [-1, 0, 0, 0, 0, 0, 0, 1, 0, 1], [1, 1, 0, 0, 0, -1, 0, 0, 1, 0], [1, -1, 0, -1, -1, -1, 1, 1, -1, 0], [0, 0, 0, 0, 0, 0, 0, 1, -1, 1], [0, 1, -1, 0, -1, 0, 1, 1, 1, -1], [0, 1, 0, 0, 0, 0, 0, 1, 0, 0], [0, 1, 1, 0, 1, -1, 0, 0, 1, 1], [-1, 0, 0, 0, 0, 1, 1, 1, 0, -1], [1, 0, 0, 1, 0, 0, 1, 0, -1, 1], [0, 1, 0, 0, 0, 0, 1, 0, 0, -1], [-1, 0, -1, 0, 1, 0, 0, 1, -1, 1], [0, 0, -1, 0, 1, 1, 1, 0, 0, 0], [0, 0, 1, -1, -1, 1, 1, 0, 0, -1], [0, -1, -1, 1, 1, 1, 0, 1, -1, 1], [1, 0, 1, -1, -1, 1, 0, 1, 1, 0], [0, 0, 0, 0, 0, 0, 0, 1, 0, 1], [-1, 0, 1, 0, 0, 0, 1, 1, 0, 0], [0, 0, 0, 1, 0, -1, 0, 0, 0, 0], [0, 0, 1, 0, 0, -1, -1, 0, -1, -1], [1, 0, 0, -1, 0, 0, -1, 1, 1, -1], [1, -1, 0, 1, 0, 0, -1, 0, 1, 0], [-1, 1, -1, 0, 0, 1, -1, 1, 0, 0], [-1, 0, 0, -1, -1, 1, 0, 0, 0, -1], [0, -1, 1, 0, -1, 0, 1, 0, 0, 0]]
