solve time: 7696.741636514664

 number of processors: 8

 number of functions evaluations
[69571.0, 85167.0, 85167.0]

 variance
[array([[6.06338931e+06, 5.97711199e+02, 1.30599204e+06, 6.51010766e+03,
        1.25498764e+04, 2.07364023e+04, 9.97713369e-01, 2.38372104e+05,
        9.31992282e+05, 5.54495413e+07],
       [5.97711199e+02, 2.63093138e-01, 1.73830351e+02, 7.53284456e-01,
        1.32165250e+00, 3.21994915e+00, 7.73549350e-04, 3.12981194e+02,
        2.00136024e+02, 1.13904482e+04],
       [1.30599204e+06, 1.73830351e+02, 3.47396651e+05, 2.21920442e+03,
        4.51534693e+03, 7.96381543e+03, 7.26850246e-01, 3.23170211e+05,
        6.65992102e+05, 2.99360914e+07],
       [6.51010766e+03, 7.53284456e-01, 2.21920442e+03, 6.98449728e+01,
        1.32712708e+01, 1.15743049e+02, 1.57239011e-03, 2.69560066e+02,
        1.86975065e+03, 8.44876652e+04],
       [1.25498764e+04, 1.32165250e+00, 4.51534693e+03, 1.32712708e+01,
        4.33424634e+02, 1.34935395e+02, 2.40573776e-03, 3.13464989e+02,
        3.78720958e+03, 1.60313722e+05],
       [2.07364023e+04, 3.21994915e+00, 7.96381543e+03, 1.15743049e+02,
        1.34935395e+02, 1.20510425e+03, 6.78082869e-03, 1.68924933e+03,
        6.50451725e+03, 3.06695923e+05],
       [9.97713369e-01, 7.73549350e-04, 7.26850246e-01, 1.57239011e-03,
        2.40573776e-03, 6.78082869e-03, 1.01036725e-05, 5.99183022e-01,
        2.99566879e-01, 2.49451583e+01],
       [2.38372104e+05, 3.12981194e+02, 3.23170211e+05, 2.69560066e+02,
        3.13464989e+02, 1.68924933e+03, 5.99183022e-01, 6.72688043e+05,
        5.93124094e+04, 8.61314502e+05],
       [9.31992282e+05, 2.00136024e+02, 6.65992102e+05, 1.86975065e+03,
        3.78720958e+03, 6.50451725e+03, 2.99566879e-01, 5.93124094e+04,
        7.18484333e+05, 2.99286730e+07],
       [5.54495413e+07, 1.13904482e+04, 2.99360914e+07, 8.44876652e+04,
        1.60313722e+05, 3.06695923e+05, 2.49451583e+01, 8.61314502e+05,
        2.99286730e+07, 3.66083033e+09]]), array([[1.02783195e+02, 1.31627146e-03, 2.35542715e+03, 2.62015752e+01,
        3.05355319e+01, 2.21380760e+02, 2.51621743e-04, 5.04064816e+01,
        4.73507289e+03, 1.73659515e+04],
       [1.31627146e-03, 2.24879238e-08, 3.17741583e-02, 3.34766408e-04,
        3.94418218e-04, 3.07275565e-03, 3.08018586e-09, 5.61220782e-03,
        6.25425427e-02, 2.18404988e-01],
       [2.35542715e+03, 3.17741583e-02, 5.74897368e+06, 3.12516923e+03,
        5.00013994e+03, 1.52178792e+04, 1.62009073e-01, 3.28637011e+04,
        1.93837401e+06, 6.43258183e+06],
       [2.62015752e+01, 3.34766408e-04, 3.12516923e+03, 4.45166069e+01,
        1.07381958e+01, 1.08642952e+02, 3.21414322e-04, 1.38996990e+02,
        3.99381492e+03, 1.42837649e+04],
       [3.05355319e+01, 3.94418218e-04, 5.00013994e+03, 1.07381958e+01,
        2.29617914e+02, 1.25079547e+02, 4.33071620e-04, 1.93804332e+02,
        7.01141780e+03, 2.56641525e+04],
       [2.21380760e+02, 3.07275565e-03, 1.52178792e+04, 1.08642952e+02,
        1.25079547e+02, 1.28498033e+03, 1.40586271e-03, 8.17886685e+02,
        1.74675485e+04, 6.19375703e+04],
       [2.51621743e-04, 3.08018586e-09, 1.62009073e-01, 3.21414322e-04,
        4.33071620e-04, 1.40586271e-03, 1.27072949e-07, 8.29135925e-03,
        1.23533256e-01, 1.15878182e+00],
       [5.04064816e+01, 5.61220782e-03, 3.28637011e+04, 1.38996990e+02,
        1.93804332e+02, 8.17886685e+02, 8.29135925e-03, 2.01329969e+05,
        4.59090591e+04, 6.36294639e+04],
       [4.73507289e+03, 6.25425427e-02, 1.93837401e+06, 3.99381492e+03,
        7.01141780e+03, 1.74675485e+04, 1.23533256e-01, 4.59090591e+04,
        2.84338742e+06, 5.23266190e+06],
       [1.73659515e+04, 2.18404988e-01, 6.43258183e+06, 1.42837649e+04,
        2.56641525e+04, 6.19375703e+04, 1.15878182e+00, 6.36294639e+04,
        5.23266190e+06, 4.39963961e+07]]), array([[1.24657282e+06, 2.10298878e+01, 1.08556411e-12, 4.40711095e-13,
        2.57349619e-12, 5.72072868e-13, 2.57869221e-03, 2.94109592e+04,
        1.19835318e+06, 1.40880618e+07],
       [2.10298878e+01, 8.00250788e-04, 1.52763275e-17, 6.20786613e-18,
        3.66362876e-17, 8.06759819e-18, 9.52156051e-07, 1.08733196e+01,
        2.03838402e+01, 4.21104851e+02],
       [1.08556411e-12, 1.52763275e-17, 1.72478249e-28, 4.03430754e-29,
        1.71628268e-29, 4.39441427e-29, 2.72871860e-32, 7.99980702e-18,
        1.05051786e-12, 6.22060812e-12],
       [4.40711095e-13, 6.20786613e-18, 4.03430754e-29, 2.02938624e-29,
        5.82542358e-30, 1.23105627e-29, 1.20018302e-32, 1.50228609e-18,
        4.24928714e-13, 3.69900616e-12],
       [2.57349619e-12, 3.66362876e-17, 1.71628268e-29, 5.82542358e-30,
        1.29777825e-27, 4.78744870e-30, 8.56758330e-32, 4.70628848e-16,
        2.48482360e-12, 9.68041428e-12],
       [5.72072868e-13, 8.06759819e-18, 4.39441427e-29, 1.23105627e-29,
        4.78744870e-30, 2.51089509e-29, 2.37397971e-32, 5.25971024e-19,
        5.56695903e-13, 2.97711205e-12],
       [2.57869221e-03, 9.52156051e-07, 2.72871860e-32, 1.20018302e-32,
        8.56758330e-32, 2.37397971e-32, 7.01586021e-09, 2.15209207e-02,
        2.44261068e-03, 1.15154051e-02],
       [2.94109592e+04, 1.08733196e+01, 7.99980702e-18, 1.50228609e-18,
        4.70628848e-16, 5.25971024e-19, 2.15209207e-02, 2.46338393e+05,
        2.74878363e+04, 8.25570978e+04],
       [1.19835318e+06, 2.03838402e+01, 1.05051786e-12, 4.24928714e-13,
        2.48482360e-12, 5.56695903e-13, 2.44261068e-03, 2.74878363e+04,
        1.17753991e+06, 1.39244789e+07],
       [1.40880618e+07, 4.21104851e+02, 6.22060812e-12, 3.69900616e-12,
        9.68041428e-12, 2.97711205e-12, 1.15154051e-02, 8.25570978e+04,
        1.39244789e+07, 2.59841642e+09]])]

 max variance
[3660830334.1151357, 43996396.08379581, 2598416416.722971]

 cost matrix
[array([[ 1.82737310e+03, -2.64942549e+01, -1.11461815e+03,
         3.83068182e+01,  4.99499684e+01, -5.02796855e+01,
         4.34762299e-01,  9.89145510e+01,  4.87066651e+02,
         3.13345949e+03],
       [-2.64942549e+01,  5.57461938e-01,  2.00346635e+01,
        -5.57719640e-01, -7.08768840e-01,  7.75808581e-01,
        -1.07706020e-02, -4.90895603e+00, -5.78323152e+00,
        -4.13971452e+01],
       [-1.11461815e+03,  2.00346635e+01,  1.06948237e+03,
        -3.10205847e+01, -4.02819693e+01,  4.15385743e+01,
        -4.33598551e-01, -1.96064754e+02,  2.33345976e+00,
        -4.42506725e+02],
       [ 3.83068182e+01, -5.57719640e-01, -3.10205847e+01,
         2.24360967e+00,  1.47761354e+00, -3.09710336e+00,
         1.21980182e-02,  3.58400030e+00, -2.19289239e-01,
         9.54072975e+00],
       [ 4.99499684e+01, -7.08768840e-01, -4.02819693e+01,
         1.47761354e+00,  3.97784952e+00, -3.29821042e+00,
         1.47861810e-02,  4.07569781e+00, -8.39165158e-01,
         9.26183474e+00],
       [-5.02796855e+01,  7.75808581e-01,  4.15385743e+01,
        -3.09710336e+00, -3.29821042e+00,  8.06417751e+00,
        -1.75760046e-02, -6.10874255e+00,  2.51592261e-01,
        -1.45391656e+01],
       [ 4.34762299e-01, -1.07706020e-02, -4.33598551e-01,
         1.21980182e-02,  1.47861810e-02, -1.75760046e-02,
         1.10863840e-03,  1.27443224e-01,  3.31321489e-02,
         4.34191559e-01],
       [ 9.89145510e+01, -4.90895603e+00, -1.96064754e+02,
         3.58400030e+00,  4.07569781e+00, -6.10874255e+00,
         1.27443224e-01,  3.14756233e+02, -9.14375667e+01,
        -3.22256138e+02],
       [ 4.87066651e+02, -5.78323152e+00,  2.33345976e+00,
        -2.19289239e-01, -8.39165158e-01,  2.51592261e-01,
         3.31321489e-02, -9.14375667e+01,  5.72429490e+02,
         2.98736528e+03],
       [ 3.13345949e+03, -4.13971452e+01, -4.42506725e+02,
         9.54072975e+00,  9.26183474e+00, -1.45391656e+01,
         4.34191559e-01, -3.22256138e+02,  2.98736528e+03,
         2.90651209e+04]]), array([[ 1.64412087e+00, -5.70241375e-03,  1.89781084e+01,
        -1.17239374e+00, -1.25015986e+00,  2.48943842e+00,
        -2.87870251e-03,  3.11220684e-02,  2.11873993e+01,
         5.01760574e+01],
       [-5.70241375e-03,  2.30442293e-05, -7.83301214e-02,
         4.44246578e-03,  4.73953753e-03, -9.82413967e-03,
         9.32535068e-06, -6.88085945e-03, -8.57690930e-02,
        -1.92496921e-01],
       [ 1.89781084e+01, -7.83301214e-02,  1.78107499e+03,
        -3.23020084e+01, -4.06352769e+01,  4.67097325e+01,
        -1.19403727e-01,  2.62759047e+01,  1.33159025e+03,
         2.71417721e+03],
       [-1.17239374e+00,  4.44246578e-03, -3.23020084e+01,
         1.79608936e+00,  1.23145713e+00, -2.77584703e+00,
         4.08496385e-03, -1.27266873e+00, -3.10220886e+01,
        -7.19151523e+01],
       [-1.25015986e+00,  4.73953753e-03, -4.06352769e+01,
         1.23145713e+00,  3.00985533e+00, -2.94886933e+00,
         4.71107621e-03, -1.58421142e+00, -3.95251557e+01,
        -9.19916455e+01],
       [ 2.48943842e+00, -9.82413967e-03,  4.67097325e+01,
        -2.77584703e+00, -2.94886933e+00,  7.67838834e+00,
        -6.02283332e-03,  1.93278727e+00,  4.50011784e+01,
         1.01409610e+02],
       [-2.87870251e-03,  9.32535068e-06, -1.19403727e-01,
         4.08496385e-03,  4.71107621e-03, -6.02283332e-03,
         1.04773232e-04,  9.24578613e-03, -1.03304256e-01,
        -3.30895268e-01],
       [ 3.11220684e-02, -6.88085945e-03,  2.62759047e+01,
        -1.27266873e+00, -1.58421142e+00,  1.93278727e+00,
         9.24578613e-03,  9.06754504e+01,  2.71302609e+01,
         2.58061861e+01],
       [ 2.11873993e+01, -8.57690930e-02,  1.33159025e+03,
        -3.10220886e+01, -3.95251557e+01,  4.50011784e+01,
        -1.03304256e-01,  2.71302609e+01,  1.26396845e+03,
         2.35037332e+03],
       [ 5.01760574e+01, -1.92496921e-01,  2.71417721e+03,
        -7.19151523e+01, -9.19916455e+01,  1.01409610e+02,
        -3.30895268e-01,  2.58061861e+01,  2.35037332e+03,
         6.99667948e+03]]), array([[ 3.56687669e+02, -1.65497213e+00, -2.04179318e-10,
         9.01326154e-11,  1.60242115e-08,  2.10514844e-09,
         6.17044685e-03,  3.59712769e+01,  3.42688800e+02,
         2.07636231e+03],
       [-1.65497213e+00,  1.07869269e-02,  1.28853375e-12,
        -2.88302908e-13, -5.88592855e-11, -8.55990838e-12,
        -1.09388107e-04, -7.14245935e-01, -1.63430365e+00,
        -9.99196169e+00],
       [-2.04179318e-10,  1.28853375e-12,  2.40117885e-16,
         7.59979220e-17,  7.36181540e-17, -7.11063032e-17,
        -1.15280573e-18, -3.05673418e-11, -4.79221086e-10,
        -9.87374333e-09],
       [ 9.01326154e-11, -2.88302908e-13,  7.59979220e-17,
         1.19174925e-16,  5.33215054e-17, -5.54547793e-17,
         2.50314297e-19,  5.97367308e-13,  4.27733594e-11,
         1.60771813e-09],
       [ 1.60242115e-08, -5.88592855e-11,  7.36181540e-17,
         5.33215054e-17,  4.95452833e-16, -4.16082605e-17,
        -8.30642979e-19, -1.51612407e-10,  1.52432932e-08,
         4.90052005e-08],
       [ 2.10514844e-09, -8.55990838e-12, -7.11063032e-17,
        -5.54547793e-17, -4.16082605e-17,  1.13549569e-16,
         1.55992055e-18,  1.01488563e-12,  2.24738200e-09,
         1.73891088e-09],
       [ 6.17044685e-03, -1.09388107e-04, -1.15280573e-18,
         2.50314297e-19, -8.30642979e-19,  1.55992055e-18,
         9.92358715e-06,  1.77298644e-02,  6.06711156e-03,
         1.90690051e-02],
       [ 3.59712769e+01, -7.14245935e-01, -3.05673418e-11,
         5.97367308e-13, -1.51612407e-10,  1.01488563e-12,
         1.77298644e-02,  1.22626116e+02,  3.51460959e+01,
         6.53796604e+01],
       [ 3.42688800e+02, -1.63430365e+00, -4.79221086e-10,
         4.27733594e-11,  1.52432932e-08,  2.24738200e-09,
         6.06711156e-03,  3.51460959e+01,  3.48853276e+02,
         2.06364301e+03],
       [ 2.07636231e+03, -9.99196169e+00, -9.87374333e-09,
         1.60771813e-09,  4.90052005e-08,  1.73891088e-09,
         1.90690051e-02,  6.53796604e+01,  2.06364301e+03,
         2.36794201e+04]])]

 number of difficult parameters
14833

 difficult parameters
[[1, 0, -1, 0, 1, 0, 0, 0, -1, 1], [1, 0, 0, 1, -1, 1, 1, 1, 0, 0], [0, 0, -1, 1, 0, 0, -1, 1, 1, 1], [1, 0, 1, 0, 1, 0, 1, 1, -1, -1], [0, 0, 0, 0, 1, 0, 0, 1, 0, 1], [0, 0, -1, 0, 0, 1, -1, 0, 0, 0], [0, 0, 1, 1, 0, 0, -1, 0, -1, 0], [0, 0, -1, -1, 0, 1, 1, 1, 1, 0], [0, 0, 0, 0, 0, -1, -1, 0, 0, 0], [-1, -1, 1, 1, 0, 0, 1, 0, 1, 0], [0, 1, -1, 0, 1, 1, 1, 1, -1, 0], [0, 1, -1, 0, 1, 1, -1, 1, 0, 1], [1, 0, 0, 1, 1, -1, -1, 1, 1, 0], [0, 0, 0, 0, 1, -1, 0, 0, 1, 1], [1, 1, 1, -1, 0, 1, 0, 1, 0, 1], [0, 1, 0, 0, -1, 0, 1, 1, 1, -1], [0, 0, 0, 0, -1, 0, 0, 0, -1, -1], [0, 0, 0, 0, 1, 1, 0, 0, 0, 0], [0, 0, -1, 1, 0, 0, -1, 1, 0, 1], [-1, -1, -1, 1, -1, 1, 0, 1, 0, -1], [1, 0, 0, 0, 0, 0, 0, 0, -1, 0], [1, 0, 0, 1, 0, 1, 0, 0, 1, 0], [-1, 1, -1, 0, 0, 0, 0, 0, 1, -1], [1, 0, 0, 0, -1, -1, 0, 1, 0, 0], [1, -1, -1, 0, -1, 0, -1, 1, 1, 0], [-1, -1, 1, 0, 1, -1, 1, 0, -1, 0], [0, 0, 0, 0, 1, -1, -1, 0, 0, 0], [-1, 0, 0, -1, 0, 0, -1, 0, -1, -1], [0, 1, 0, 0, 0, 0, 1, 1, 1, 0], [-1, 1, 0, 0, 1, 0, 0, 1, 0, 0], [1, 0, -1, 1, 0, 0, 0, 0, 1, 0], [0, 0, 0, 0, -1, -1, 0, 0, 1, 1], [0, 1, 1, 1, 0, 1, 0, 1, 0, 1], [-1, 0, 1, 0, 0, 0, 1, 1, 0, 0], [0, 0, 0, 0, 0, 0, 0, 0, -1, 1], [1, -1, -1, -1, -1, 1, -1, 1, 0, 0], [0, 1, 0, 0, 0, 0, 0, 0, 0, 0], [0, 0, 1, 0, 1, 0, 0, 1, 0, 0], [0, -1, 1, -1, -1, -1, 0, 1, 0, 0], [0, 0, 0, 0, 1, -1, -1, 0, -1, 0], [1, 0, 0, 1, 1, -1, 0, 1, 0, 0], [0, 0, 0, -1, 0, 1, 1, 1, 0, 0], [-1, 0, 0, 0, -1, -1, 1, 1, 1, 0], [0, 0, -1, -1, 0, -1, 0, 0, 0, 0], [0, 1, 0, 0, 0, 0, 0, 0, 1, 0], [1, 1, 0, 1, 1, 0, 0, 1, 0, 0], [-1, 1, 1, 1, 0, -1, 0, 0, -1, 1], [0, -1, 0, 0, 0, 0, 1, 1, 0, 1], [1, -1, 0, 1, 1, 0, -1, 1, 0, 0], [1, 0, 0, 0, 0, 0, 1, 0, -1, 1], [1, 0, 1, 0, 0, 0, 0, 1, 0, 0], [0, -1, 1, 1, 1, 1, 0, 1, 0, 1], [0, 0, 0, 1, 1, 1, 1, 0, 0, 0], [-1, -1, 0, 0, 0, -1, 1, 0, 0, 1], [1, 0, 0, 1, 0, 1, 0, 1, -1, 0], [0, 0, 0, 1, -1, 0, 1, 1, 1, 0], [1, 0, -1, 1, 0, 0, 0, 0, 1, 0], [-1, 0, 0, 1, 0, 0, 0, 0, 1, 0], [1, 0, 0, 0, 1, 0, 1, 1, 1, 0], [1, 0, 0, 1, -1, 1, 0, 1, 0, 0], [-1, 1, 0, 0, 0, 1, 1, 0, -1, 1], [0, -1, 0, 1, -1, 1, 1, 1, -1, -1], [0, 0, 1, 1, 0, 1, 0, 1, 0, 0], [1, 0, 0, -1, 1, -1, -1, 1, -1, 1], [-1, 1, -1, 0, 1, -1, 0, 1, 0, 1], [-1, -1, 0, 1, 0, 1, 0, 1, 0, 0], [-1, 1, 0, 1, 0, 0, 0, 0, 1, 0], [1, -1, 1, -1, -1, 1, -1, 0, -1, 0], [-1, -1, 0, 0, 0, 1, 0, 0, 0, 0], [1, 0, 0, -1, -1, 0, 1, 1, 0, 0], [0, 1, 1, 0, 0, -1, 0, 0, -1, 0], [1, 0, 1, -1, 0, 0, 0, 0, 0, -1], [0, 0, 0, 0, 0, 0, 0, 0, 0, -1], [-1, 0, 0, 0, 0, 0, -1, 1, 1, 0], [0, -1, 0, 0, 1, 0, 0, 1, -1, 0], [0, 0, 1, -1, 0, -1, 1, 1, 0, 0], [0, -1, -1, 0, -1, 0, 0, 1, 0, 0], [0, -1, 0, -1, 0, 0, 0, 1, 0, 0], [0, -1, -1, 1, 0, -1, 1, 1, 0, 1], [0, 0, 0, 0, 1, 1, 0, 0, 0, 0], [1, 0, 0, 1, 0, 0, 0, 1, 1, 1], [-1, 0, 0, -1, 1, 0, 0, 1, 1, 0], [0, 0, 0, 0, 0, 0, 0, 0, -1, 1], [-1, 0, 1, -1, -1, 0, 0, 1, 1, 0], [-1, -1, 0, 1, 0, 1, 0, 1, 0, 0], [1, -1, 0, -1, 1, 0, 0, 1, 0, -1], [0, -1, -1, -1, 1, 0, 0, 0, 0, 0], [-1, 0, 0, 1, 0, -1, 0, 1, 1, 1], [1, -1, 1, 0, 1, 1, -1, 1, -1, 1], [-1, 1, 1, 0, 0, 0, -1, 1, 1, 0], [1, 0, 0, -1, -1, 1, 1, 0, 0, -1], [0, -1, 0, 0, -1, 0, 0, 1, -1, 0], [0, 0, 0, 0, 0, -1, -1, 0, 1, 1], [-1, 0, -1, 1, 0, 0, 0, 0, 0, 1], [1, -1, 0, 0, 0, 0, 0, 1, 0, -1], [0, 0, 0, 0, -1, -1, 0, 0, -1, 0], [0, 0, 1, 0, -1, 0, 0, 1, 0, -1], [0, -1, 0, -1, 0, 0, 0, 1, 0, 1], [0, -1, 1, -1, 0, 1, 0, 0, 1, 0], [-1, -1, 1, 1, 0, 0, 0, 0, 0, 0], [1, 1, 0, 0, 1, 0, 0, 0, 1, -1], [0, 0, 0, 1, 0, 0, 0, 0, 1, 1], [1, 0, 0, 0, 0, 0, 0, 1, 0, 0], [0, 0, 0, 0, -1, -1, 0, 1, -1, -1], [1, -1, 1, 0, -1, 1, -1, 0, -1, 1], [0, 0, -1, 1, 1, 0, 0, 1, 1, 1], [0, 0, 0, 0, -1, 0, 0, 1, 1, 1], [0, 0, 0, 1, -1, 1, 0, 1, 1, 1], [0, 0, 0, 1, -1, -1, -1, 0, 1, -1], [1, 0, 0, 0, 0, 1, 1, 0, 0, 0], [0, 0, 0, 0, 0, 0, 1, 1, 0, 0], [0, 0, 0, 1, 1, 0, 0, 0, 0, 0], [-1, 0, -1, 0, 0, 0, 1, 1, 1, 0], [1, 1, -1, 0, 0, -1, 0, 1, 0, 1], [0, 0, 0, -1, -1, -1, 0, 1, -1, -1], [-1, -1, -1, 0, 0, 0, 0, 1, 0, 1], [1, -1, -1, -1, 0, -1, 0, 1, 0, 0], [0, 1, 0, 0, 1, 0, -1, 1, -1, 1], [-1, 1, 1, 0, 0, 0, -1, 1, 1, 0], [-1, 0, -1, 1, 0, -1, 0, 0, 0, 1], [0, 0, 0, -1, 0, 0, 0, 1, -1, 0], [0, -1, 1, -1, 0, -1, 0, 0, -1, 1], [0, 0, 0, 0, 1, -1, -1, 0, -1, 0], [-1, 1, -1, -1, 1, -1, 0, 1, 0, 0], [0, 0, 0, 0, 1, 1, 0, 1, 1, 0], [-1, -1, -1, 0, 0, -1, 1, 0, -1, 1], [-1, 0, 0, 1, 0, 1, 0, 1, -1, 0], [0, 1, 0, 0, -1, 0, 0, 1, 0, 0], [0, 0, 0, 0, 1, 1, 0, 1, 0, 0], [1, 0, 0, 1, 0, 0, -1, 0, -1, 0], [0, -1, -1, 0, 0, -1, 0, 0, 1, 0], [1, 0, 0, 0, 0, 0, 0, 1, 0, 0], [-1, 0, 0, 1, 0, 1, 0, 1, 1, 0], [1, 1, 0, 0, 0, -1, -1, 0, 0, 0], [0, 0, -1, 1, -1, -1, 1, 1, 1, 0], [0, 0, 0, 0, 0, 0, 0, 1, 0, 1], [-1, 1, 1, -1, 0, 0, -1, 0, 0, 0], [-1, 0, -1, -1, -1, 1, 1, 1, -1, 0], [1, 1, 0, -1, -1, 0, 0, 1, 0, -1], [-1, 0, 0, 0, -1, 0, -1, 1, 0, 0], [0, 1, 1, -1, 1, 0, 0, 1, -1, 0], [1, -1, -1, 1, 0, 1, -1, 0, 0, 0], [0, -1, 0, -1, 0, 1, 1, 1, -1, 0], [-1, -1, -1, 0, -1, -1, 0, 0, 1, -1], [1, -1, -1, 0, 1, -1, 1, 0, 0, 0], [1, 0, -1, 1, -1, -1, 0, 1, 0, 0], [1, 0, -1, 1, 0, 1, 0, 1, -1, 1], [-1, 0, 0, 0, 0, 0, -1, 0, 1, 1], [0, 0, 0, 1, 0, 1, -1, 0, 0, -1], [0, 1, 0, 1, 0, -1, -1, 0, 0, 0], [1, -1, 1, 0, 0, 1, 0, 0, -1, 1], [1, 1, 0, 0, -1, -1, 0, 1, -1, 1], [-1, 1, 0, 0, 1, 0, 0, 0, -1, 0], [0, 1, 0, 0, 0, -1, -1, 1, 0, 1], [-1, -1, 0, 1, 0, 0, -1, 0, 0, -1], [1, 0, -1, 0, 1, 0, 0, 0, 0, 1], [0, 0, 0, 0, 0, 0, 0, 1, 1, -1], [0, 1, 1, 0, -1, 0, 1, 1, 0, 0], [1, 0, 0, 1, 1, 0, 0, 1, -1, 0], [1, 1, 1, -1, 0, 0, -1, 1, 0, 0], [1, 0, 0, -1, 0, 1, 1, 1, 1, 0], [-1, -1, -1, -1, 0, -1, 0, 1, -1, 0], [-1, 0, 0, -1, 0, 1, 1, 0, 0, -1], [1, -1, -1, 0, 0, 0, 0, 1, 1, 1], [-1, 0, 1, 0, 0, 0, 0, 1, -1, 0], [1, -1, 1, -1, 0, 0, 0, 1, 0, 1], [0, 0, 0, -1, 0, -1, 0, 0, -1, 0], [0, 0, 0, 1, 0, 0, -1, 0, 1, 0], [1, 1, 1, 1, 1, 0, 0, 0, -1, 0], [-1, 1, 0, 1, 0, -1, 0, 0, -1, 0], [0, 0, 1, 1, -1, -1, 1, 1, 0, 1], [0, 0, 0, 1, 1, 0, 0, 1, 1, 0], [0, 0, 0, -1, 0, 0, -1, 1, 0, -1], [-1, -1, 0, 0, 0, 1, 0, 1, 0, 1], [0, -1, 1, 0, -1, -1, 1, 1, 0, -1], [0, 0, 1, 0, 0, 1, 0, 0, 0, 0], [0, 0, 0, 0, 0, 0, 0, 0, -1, 1], [0, 1, -1, 1, 1, 0, 1, 1, 0, 0], [-1, 0, 0, -1, 0, -1, 0, 0, 0, 0], [1, 1, 1, 1, 1, 1, 1, 0, 0, -1], [-1, -1, 0, 0, 0, -1, 0, 0, 0, 0], [0, 0, 0, -1, 0, 1, -1, 0, 0, -1], [0, 0, 0, -1, 1, 1, 0, 0, 0, 0], [0, 1, 1, -1, 0, 1, 0, 1, 0, -1], [0, 0, 0, -1, 0, -1, 1, 1, 0, 0], [0, 1, 1, 0, 0, 0, -1, 0, 0, -1], [1, 0, -1, 0, 0, 1, 0, 0, -1, 0], [0, 0, -1, 0, 0, 0, 1, 0, -1, 0], [0, 0, 0, -1, -1, 1, 1, 1, 0, 0], [-1, 0, 1, -1, 0, 0, 0, 1, 0, 0], [-1, 0, 0, 0, -1, 0, -1, 0, 1, 0], [0, 0, -1, -1, 0, 0, 0, 1, 1, -1], [0, 0, 1, 0, 0, 0, 0, 0, 0, -1], [0, 1, 0, 1, 1, 0, 1, 0, 1, 1], [1, 0, -1, 0, 0, -1, 0, 0, -1, 0], [0, 1, 0, 1, 0, 0, 0, 0, -1, 0], [1, 0, 0, -1, -1, 1, 1, 0, 0, -1], [0, -1, -1, 0, 0, 0, -1, 1, -1, 0], [1, 0, -1, -1, 1, 0, 0, 1, 1, 1], [0, -1, 1, 1, -1, 0, 0, 1, 0, 0], [1, 0, 0, -1, 0, -1, 0, 1, 1, 1], [-1, 0, -1, 0, -1, 1, 0, 1, 1, 0], [0, -1, -1, -1, 0, 1, 0, 0, -1, 0], [-1, 0, 1, 1, 0, 1, 0, 0, 1, 0], [0, 0, 1, 0, 1, 0, 0, 1, 0, 0], [-1, -1, 1, 1, 0, 0, 0, 0, 0, 0], [1, 1, 0, 0, 0, -1, 0, 0, 1, 0], [1, -1, 0, 1, 1, -1, 0, 1, -1, 1], [1, -1, -1, 0, 0, 1, 0, 1, 0, 1], [1, 0, -1, 0, 0, 1, 1, 0, 0, 0], [1, 0, -1, -1, 1, 0, 1, 1, 1, 0], [-1, 0, 0, -1, -1, 0, 0, 1, -1, -1], [1, 1, 0, 1, 1, -1, -1, 0, 1, 1], [0, -1, 0, 0, -1, -1, -1, 0, 0, 1], [-1, 0, 0, 1, 0, 1, -1, 0, 0, 0], [-1, -1, 0, -1, 1, 0, -1, 0, 0, -1], [0, -1, 0, -1, 1, 0, 1, 0, 1, -1], [-1, 0, -1, 0, 1, 1, 0, 0, 0, 1], [1, -1, 0, 0, 0, 0, 0, 1, 1, -1], [0, 0, 1, 0, 0, 0, 0, 1, 0, 1], [0, 0, 1, 0, 0, 0, 1, 1, 0, 0], [0, 1, 0, 0, -1, 0, 0, 1, 1, 1], [0, 0, 0, 0, -1, -1, 0, 1, 1, 1], [0, 1, 0, 1, 1, 0, 0, 0, 1, 1], [1, 0, 0, 0, 1, 0, 0, 0, -1, 1], [1, -1, 1, -1, 0, 0, 0, 1, 0, 1], [-1, 0, 1, -1, 0, 0, 0, 1, 0, 0], [-1, 0, 0, 1, 0, 1, 1, 1, 0, 1], [-1, 0, 1, -1, 1, 0, 0, 0, -1, -1], [-1, 0, 1, 1, -1, -1, -1, 0, 0, -1], [0, -1, 1, 0, -1, 0, 1, 1, 0, 0], [0, -1, 1, 1, 0, 0, -1, 0, -1, 0], [0, 1, 1, 0, -1, 0, 0, 1, 0, -1], [0, 0, 1, 0, 0, 1, 0, 1, 1, 1], [0, -1, -1, -1, 0, 0, 0, 0, 1, -1], [1, 0, 0, -1, 0, 0, 1, 1, 1, -1], [-1, 0, 1, 1, 0, 0, -1, 0, -1, -1], [1, 1, 1, 0, 1, -1, 0, 1, 0, 1], [0, -1, 0, 0, 0, 1, 1, 1, 1, 0], [-1, 1, 0, -1, 0, 0, 0, 1, -1, 1], [1, 0, 0, 1, 0, 0, 0, 1, 1, 0], [0, 0, 0, 0, 0, 1, 0, 1, 1, 0], [-1, 0, 1, 1, 1, 0, -1, 1, 0, 0], [1, 0, -1, 0, 0, 1, 1, 1, 1, 0], [0, 1, 1, 0, 1, 1, 1, 1, 1, 1], [0, 1, 0, 1, -1, 0, 0, 1, 0, -1], [0, 1, 0, 1, 0, 1, -1, 0, 0, 0], [-1, -1, -1, 0, -1, 1, -1, 0, 1, 0], [1, -1, 1, 0, -1, 0, -1, 0, 0, 0], [0, 0, -1, 0, -1, 0, -1, 0, 1, 0], [0, -1, 1, 0, 0, 1, 0, 0, 0, 0], [0, 0, -1, -1, 0, 1, 0, 0, 0, 0], [0, 1, -1, 1, 0, 1, 0, 1, 0, 0], [0, 0, -1, 0, 0, 1, 0, 0, -1, 1], [0, 0, 0, -1, 0, 0, 0, 1, 0, 0], [-1, -1, 0, -1, 1, 0, 0, 1, 0, -1], [0, 0, 1, 1, 0, 0, 1, 1, 0, -1], [1, -1, 0, 0, 0, 0, -1, 1, 0, -1], [0, 1, 0, 0, 0, 0, 1, 1, -1, 1], [0, -1, 0, -1, 0, 1, 1, 1, -1, 0], [0, 0, 1, -1, 1, 0, 0, 0, 0, -1], [1, -1, 0, 1, 0, 1, 0, 0, -1, 0], [-1, 1, -1, 0, 0, 0, -1, 1, 1, 0], [0, -1, 1, -1, 1, 0, -1, 1, 0, 1], [1, -1, 0, 1, 0, 0, -1, 1, 0, 1], [-1, -1, -1, 0, -1, 0, 1, 1, 1, 1], [0, 0, -1, 0, -1, 0, 1, 1, 0, -1], [0, 0, 1, 0, 0, 1, -1, 1, -1, -1], [0, 0, -1, 1, 1, 0, 0, 0, -1, 0], [1, 0, 0, 0, 1, 0, 0, 1, 1, -1], [0, 0, 0, 0, 0, 1, -1, 1, 0, 1], [0, 1, -1, 1, 0, 0, 0, 1, 0, 1], [1, 0, -1, -1, 0, 1, 1, 1, -1, 0], [0, 1, -1, -1, 0, -1, 1, 0, 0, 0], [0, 0, -1, -1, 0, 1, 1, 1, 1, 0], [-1, 0, 0, -1, 0, -1, 1, 0, -1, 1], [0, 0, 0, 0, 0, -1, -1, 1, 1, 0], [-1, -1, 0, 0, 0, 0, 0, 1, 0, -1], [0, 1, 0, 1, 1, 0, 1, 0, 0, 0], [0, 1, 0, 0, 0, 0, 1, 1, 0, -1], [0, 1, 0, 0, 0, 0, 0, 1, 0, 0], [1, -1, -1, -1, 0, -1, 0, 1, 0, 0], [0, 0, 0, 0, 0, -1, 0, 1, 0, 0], [0, -1, -1, 0, -1, -1, 1, 1, 0, 1], [1, -1, 1, 0, 1, -1, 1, 0, 1, 0], [0, 0, 1, 0, 0, 1, 0, 1, -1, 0], [1, 0, -1, -1, 1, 1, 0, 0, 1, -1], [0, -1, 1, 0, 0, 1, 0, 0, 0, 0], [-1, 1, 1, 0, -1, -1, 1, 1, 0, -1], [1, 0, 0, -1, 0, 0, 0, 0, -1, -1], [1, -1, 1, -1, -1, 1, -1, 0, -1, 1], [0, -1, -1, 0, 0, 0, 0, 0, 1, -1], [0, 0, 0, 1, 0, 1, 1, 0, 0, 0], [-1, -1, 0, -1, 1, 1, 0, 1, 0, 1], [0, 1, 0, -1, 0, -1, 0, 1, 0, 0], [1, 1, 1, -1, 0, 1, 0, 1, -1, 0], [1, 1, 0, -1, 0, -1, 1, 1, -1, 0], [0, -1, 0, 0, 1, 1, -1, 1, 0, 0], [0, 1, 0, 0, 0, 0, 0, 1, 0, 0], [-1, 1, 0, -1, 0, 1, -1, 0, 1, 0], [0, 1, 0, 0, 1, 0, -1, 1, 0, 0], [-1, 0, -1, 1, -1, 0, 1, 1, -1, 0], [1, 0, -1, 0, 0, -1, 0, 1, 0, 1], [1, 1, 1, 0, 1, 0, 0, 0, -1, 0], [0, 0, 0, 1, -1, 1, -1, 1, 0, 0], [0, -1, 0, 0, -1, 0, 0, 1, -1, 0], [0, 0, 0, 1, 1, 0, -1, 0, 0, 0], [1, 1, 0, -1, 0, 0, 1, 0, 0, 1], [1, -1, 1, -1, -1, 1, 0, 1, 1, 0], [0, 0, -1, 1, -1, -1, -1, 0, -1, 0], [0, 0, 1, 0, 0, 0, 0, 1, 0, 0], [0, 1, 0, -1, 0, 0, 0, 1, 0, 0], [-1, 1, -1, 1, 0, -1, 1, 0, -1, 0], [1, -1, -1, 0, -1, 0, 1, 1, 1, 0], [0, 0, 0, 0, -1, 1, 0, 0, 0, 0], [1, -1, 0, -1, 1, 0, 0, 1, 0, 1], [-1, 1, 0, 0, 1, 0, -1, 0, 0, 0], [0, 0, 0, 1, -1, 0, 0, 1, -1, 0], [-1, 0, 0, 0, 1, -1, 0, 0, 0, 1], [-1, 0, 0, 0, 0, 0, 0, 0, 1, 0], [-1, 0, 0, 0, 0, 0, 0, 1, 0, 1], [-1, 1, -1, 1, 1, 1, 1, 1, 1, 1], [0, -1, 0, 0, 0, 0, 1, 1, 0, -1], [0, 1, 1, 0, 0, 0, 1, 1, 1, -1], [0, 1, 0, -1, -1, -1, 0, 1, 0, 0], [-1, 0, 0, 0, -1, 1, 1, 0, 0, 1], [0, 1, 1, 0, 0, 0, 1, 0, 0, -1], [1, 0, 0, 0, 0, 0, 0, 0, -1, 0], [-1, -1, 0, 0, 1, -1, -1, 0, 0, 0], [1, 0, 1, 0, 1, 1, 0, 1, 1, 0], [0, 0, -1, -1, 1, -1, 0, 0, -1, 1], [0, 1, 1, 0, 0, 0, -1, 1, 0, 0], [-1, 0, 0, 1, 0, 1, 1, 0, 1, 1], [0, 0, -1, 0, 1, -1, -1, 0, 1, 0], [0, 0, 0, -1, 0, -1, 1, 1, 0, 0], [0, -1, 0, 0, -1, 0, 0, 1, 0, 1], [-1, 0, 0, 1, 0, 0, 0, 0, 0, 0], [0, 1, 1, 0, 0, 1, 0, 1, 0, 1], [0, 0, 1, 0, 1, 0, 0, 0, 1, 1], [-1, 0, 0, 0, -1, 0, 1, 1, -1, 1], [1, 0, 0, 0, -1, 1, -1, 1, 0, 1], [1, 1, 0, 0, 1, 1, 1, 1, 0, 0], [0, 1, 0, -1, -1, 0, 0, 1, 0, 0], [0, 0, 0, -1, 0, 1, -1, 1, 1, -1], [0, -1, 0, 0, 1, 0, 0, 1, 0, 1], [-1, 0, 0, 0, 1, -1, 0, 0, 0, 1], [0, 1, 0, 1, -1, 1, 0, 1, 0, 0], [0, 0, 1, -1, 0, 1, 0, 1, -1, 0], [0, 0, 0, -1, 0, 0, 0, 1, -1, 0], [1, 0, -1, 1, 1, 0, 0, 0, -1, 0], [0, 0, 1, 0, 0, 0, 0, 0, 0, -1], [1, 0, 0, 0, 1, -1, 0, 0, 0, 0], [0, 0, -1, 1, 1, 0, -1, 1, 0, 0], [0, 0, -1, 0, 0, 1, 1, 0, 0, 0], [-1, 0, 1, 0, 1, -1, 0, 0, 1, 0], [0, 0, 0, 0, -1, 1, 0, 1, 0, -1], [0, 0, 1, 0, 1, 1, 0, 1, 0, 1], [0, 0, 0, 1, 1, -1, -1, 0, 1, 0], [-1, 0, 0, -1, 0, 1, 0, 1, 0, 0], [-1, -1, 0, -1, 0, -1, 0, 1, -1, 0], [0, -1, 1, 0, 0, 1, 0, 1, 0, 0], [-1, 0, -1, 1, 0, 0, 0, 0, -1, 0], [0, 0, 0, 0, 0, 0, 0, 0, 0, -1], [0, 0, 0, -1, 1, 1, 1, 1, 0, 0], [-1, 0, 0, 0, 0, 0, 0, 0, 0, -1], [-1, 0, -1, 0, 0, -1, -1, 1, 0, 1], [0, 0, 0, 0, 1, 0, -1, 0, 0, 1], [0, 1, 1, -1, 1, 1, 0, 0, -1, -1], [0, 1, 0, 0, 0, 0, -1, 1, 1, 1], [0, 0, 0, 1, 0, -1, 0, 0, 0, 1], [1, 0, -1, 0, 0, 0, 0, 1, -1, 1], [0, 0, 1, 0, 0, 0, 0, 0, 0, -1], [0, 0, -1, 0, 0, 1, -1, 0, 0, -1], [0, 1, 0, 1, 0, 0, 0, 0, -1, 0], [-1, 1, 1, -1, 0, 0, 1, 1, 1, 1], [0, -1, -1, -1, 0, 0, 0, 0, 1, -1], [-1, -1, 0, 0, -1, -1, -1, 1, 0, 0], [-1, 1, 1, -1, 1, 0, 0, 0, 0, 0], [-1, 0, 0, 1, -1, 0, 1, 1, 1, 0], [-1, 1, 1, -1, 1, -1, 0, 0, -1, 0], [0, 1, 0, -1, 1, -1, 0, 1, -1, 0], [0, 0, 0, 1, 1, 1, 1, 0, 0, 0], [1, 1, 1, 1, 1, 1, 0, 0, 0, 0], [0, 1, 1, -1, 1, 0, 0, 0, -1, 1], [1, -1, 1, 0, -1, 0, -1, 0, 0, 1], [0, -1, 1, 0, 0, 1, -1, 1, 0, 0], [1, 1, 1, -1, 0, -1, 1, 1, 1, 0], [0, -1, 0, 1, 1, 0, 0, 0, 0, 0], [-1, 1, -1, -1, 1, 0, 1, 0, -1, 1], [-1, 0, 0, -1, 1, 1, 0, 0, 0, -1], [1, 0, 0, -1, -1, 0, 0, 0, 0, 0], [0, -1, 0, -1, -1, 0, 1, 1, 1, 1], [0, 0, 1, 0, -1, 1, 0, 1, 0, 0], [1, 0, 1, 0, 0, 0, 0, 1, 0, 0], [0, 0, 0, 0, -1, 1, 0, 1, 0, 0], [-1, -1, 0, 1, 0, 0, 0, 1, 1, 1], [1, 1, 1, 0, 0, 0, 1, 1, 0, 0], [-1, 0, 1, 0, -1, -1, 1, 1, 1, 0], [0, -1, 1, 1, 0, 1, 0, 1, -1, 0], [-1, 1, 1, 0, 1, 1, 0, 0, 0, 0], [-1, 1, 1, -1, 1, 0, 0, 1, 0, 1], [0, 0, 1, 1, 1, 0, 0, 0, 0, -1], [1, -1, 1, 1, -1, 0, 1, 1, -1, -1], [1, 0, 1, 0, 0, 1, -1, 0, 0, -1], [1, 1, -1, 1, 0, 0, -1, 0, 1, 0], [1, 1, -1, 1, 0, 1, -1, 0, 0, -1], [1, 0, 0, 1, 0, 0, -1, 0, 0, -1], [-1, 1, 0, 1, 1, 0, 1, 0, 0, 0], [0, -1, -1, 0, -1, 1, 0, 1, 0, 1], [0, 0, 0, 1, 0, 0, 0, 1, 0, 1], [0, 0, 0, -1, 1, 1, 1, 1, 0, 0], [-1, -1, -1, -1, 0, 0, 1, 1, -1, 1], [-1, 0, 0, 0, -1, 0, -1, 1, 0, 0], [1, -1, 1, 1, 0, 0, -1, 0, 0, 0], [0, 0, 0, 0, -1, 0, 0, 0, -1, -1], [1, 0, 0, 1, -1, 0, 0, 1, 0, -1], [1, -1, 1, 0, 1, -1, 0, 0, 0, 1], [0, 1, 1, -1, 0, 1, 0, 1, 0, 0], [0, 0, 0, -1, 0, 1, 1, 1, 0, 0], [0, 0, 0, 0, 0, 0, 1, 1, 0, 0], [0, 0, 0, 1, 0, -1, 0, 1, 0, 0], [0, 0, 1, -1, 0, 0, 0, 0, -1, 0], [0, 0, 1, 1, -1, 0, 1, 1, -1, 0], [1, -1, 1, 0, 0, -1, -1, 1, 0, 1], [1, 0, 0, 0, 0, 0, 0, 0, -1, 0], [-1, 0, 0, 1, -1, 0, 1, 0, -1, -1], [-1, 0, 0, 0, -1, -1, 0, 1, 1, 1], [1, 0, 0, 0, 0, 0, 1, 0, 1, 1], [0, 0, 0, 1, 0, -1, 0, 1, 0, 0], [1, 0, 0, 1, 1, 0, 1, 1, -1, 0], [1, 0, 1, 0, 0, -1, 0, 1, -1, 0], [0, -1, 0, 0, 1, 0, -1, 1, -1, 0], [0, 0, -1, -1, 0, 1, 0, 0, 0, -1], [0, 1, 0, -1, 0, 0, 1, 0, 1, -1], [0, 1, -1, 1, 0, 0, 0, 0, -1, 0], [0, 0, 1, 0, 0, 0, 0, 0, -1, 0], [0, 0, -1, -1, 1, -1, 0, 1, 0, 0], [0, 0, 0, -1, 0, 0, -1, 1, -1, -1], [1, 0, 0, 0, -1, 1, 0, 0, 0, 0], [1, 0, 0, -1, -1, 1, 1, 1, 1, 0], [0, 1, -1, 0, 0, 1, -1, 0, -1, 1], [-1, 0, -1, 0, -1, 1, 0, 0, 1, 0], [0, -1, -1, 0, 0, 1, 0, 0, -1, 0], [0, 1, 0, 0, 0, 0, 0, 1, 0, 0], [1, 0, 1, 0, 1, 0, -1, 0, -1, 1], [1, 0, -1, -1, 0, -1, 0, 0, 1, 0], [-1, -1, 0, -1, 0, -1, 1, 0, 0, 0], [-1, -1, -1, 0, 0, 0, -1, 1, 0, 0], [-1, 0, -1, 0, -1, 0, 1, 0, 0, 0], [-1, 0, 1, -1, 1, 1, 0, 1, 1, -1], [-1, -1, 1, 1, 0, 0, -1, 0, 0, -1], [0, 0, 1, -1, 0, 0, 0, 1, 1, 0], [0, 0, 0, 0, 1, 1, 0, 0, 0, 0], [1, 1, -1, 0, -1, 0, 0, 1, 0, 1], [0, 0, 0, 0, 0, 0, 1, 1, -1, 0], [0, 0, 1, 0, 0, 1, 0, 0, 0, 0], [0, -1, 0, 0, 0, 0, 0, 0, 0, 0], [0, -1, 0, 0, -1, 0, 1, 0, 1, 1], [0, 0, -1, 0, 0, 0, 0, 0, 0, 1], [0, 0, 1, -1, 1, -1, -1, 0, -1, 0], [-1, -1, -1, -1, 1, -1, 1, 0, -1, 1], [-1, 0, 0, 1, 0, 0, 0, 0, 0, 0], [0, 0, 1, 1, 1, 0, 1, 1, 0, 0], [0, -1, 0, 0, -1, -1, 1, 0, 1, 1], [0, 0, 1, 0, 1, -1, 0, 0, 0, 1], [0, -1, 1, 0, -1, 0, -1, 1, 0, 0], [0, 0, 1, 0, 1, 1, 1, 1, 0, 0], [0, -1, -1, -1, 0, -1, 1, 1, 0, 0], [1, 0, 0, 0, 0, 1, 0, 1, -1, 0], [-1, -1, -1, 0, -1, 1, -1, 1, 1, 0], [1, 0, 0, -1, 0, 0, 0, 1, 1, -1], [-1, -1, -1, 0, 0, -1, 0, 0, 0, 0], [0, 0, -1, -1, 0, 0, 0, 0, 0, 1], [1, 1, 0, -1, 1, 0, 1, 1, 1, 1], [0, 0, 0, 0, -1, 1, 0, 0, 0, 0], [1, 0, 0, -1, 0, 0, 0, 1, -1, -1], [0, -1, 1, 0, -1, 0, 0, 0, 0, 0], [0, 0, 0, 0, -1, 1, 0, 0, 0, 0], [1, -1, 0, -1, 0, 1, 0, 1, -1, 0], [1, 1, -1, 1, 1, 0, 0, 1, 0, 1], [1, 0, 0, 0, 0, 0, 0, 0, -1, 0], [0, 0, 1, 0, 0, 0, 0, 1, 0, 0], [0, 1, 0, 1, 1, 0, 1, 0, 0, 0], [-1, 0, 1, 0, 0, -1, -1, 1, -1, 0], [0, 1, 0, -1, -1, 0, -1, 0, 0, 0], [0, 0, 1, -1, 0, 0, 0, 1, 0, -1], [0, -1, -1, 0, 0, -1, 0, 1, -1, 0], [-1, 0, 0, 0, 0, 1, 0, 1, 0, 0], [-1, 0, -1, 0, 0, 1, 1, 1, 1, 0], [1, 1, 0, 1, -1, 1, 0, 1, -1, -1], [1, 0, 0, -1, 0, 0, 1, 1, -1, 0], [0, -1, 0, 0, 1, 0, -1, 1, -1, 0], [0, -1, 1, 1, -1, -1, 1, 1, -1, 0], [0, 0, -1, -1, 1, 0, 1, 1, 1, 0], [1, 0, 0, 0, 0, 0, 0, 1, 0, 0], [1, 0, 0, 0, 0, 0, 1, 1, 1, -1], [-1, -1, 1, 1, -1, 0, 0, 1, 0, 0], [-1, 0, 0, 1, 0, 0, 0, 0, 0, 0], [-1, 0, 0, 1, 1, 0, 1, 1, 0, 0], [1, 1, 0, -1, -1, -1, 0, 1, 0, 0], [0, 1, 0, 0, 0, 0, 0, 0, 0, 0], [0, -1, -1, 0, 0, 0, 0, 0, 1, 1], [-1, 1, 0, 1, 0, 1, 0, 0, -1, 0], [1, 0, -1, 0, -1, 1, -1, 1, 0, 0], [-1, 1, 0, 1, 0, 0, -1, 1, -1, 0], [-1, 0, -1, 1, 0, 0, 0, 0, -1, 0], [0, 0, 1, 0, 0, 1, 1, 1, 0, 1], [1, 1, 1, 1, 0, 0, 0, 1, -1, 0], [1, 1, -1, 0, 0, -1, 0, 0, 0, 0], [0, 0, -1, -1, 0, 0, 0, 1, -1, 0], [0, 1, 0, -1, 1, -1, -1, 0, -1, 1], [0, 0, 1, 0, 0, 0, 0, 0, 0, -1], [1, 0, 1, 0, 1, 0, 0, 0, 1, 1], [-1, 0, -1, 0, -1, 0, 0, 1, 0, 0], [0, 0, 1, 0, 0, 0, 0, 1, 0, 1], [0, -1, 1, -1, 1, -1, 0, 1, 1, 1], [0, -1, 1, 0, -1, 0, 0, 1, 0, 1], [1, 0, 1, 1, 0, -1, 0, 1, 1, 0], [0, -1, 0, 0, 0, 0, -1, 0, 1, 1], [1, 1, 0, 0, -1, 0, -1, 1, 1, 0], [0, 0, 0, 1, 0, 0, 1, 0, -1, 0], [-1, -1, 0, 0, -1, -1, 0, 1, 1, 0], [0, 1, 1, 1, 0, 0, 0, 0, 0, 1], [0, 0, 1, 0, -1, 0, 0, 1, 0, 1], [1, -1, 1, 1, 1, 0, 1, 1, 0, 0], [-1, 1, -1, 0, 0, 0, -1, 1, 1, 0], [-1, 0, 1, 1, 0, 0, 1, 0, 0, 1], [0, -1, 0, 0, -1, 0, 0, 1, 0, 0], [0, 1, 1, 1, -1, 0, -1, 1, -1, 1], [0, 1, 1, -1, 0, 1, 0, 1, -1, 1], [0, 0, -1, 1, -1, 0, 0, 1, 0, 1], [-1, -1, 0, 1, 1, -1, -1, 0, -1, 0], [0, -1, -1, -1, -1, 0, -1, 0, -1, 1], [1, 0, 0, -1, -1, 1, 1, 0, 0, -1], [0, 0, 0, 0, 0, 0, 1, 1, 0, 0], [0, 1, 0, 1, 1, 0, 1, 0, 0, 0], [0, -1, 0, 0, 0, -1, -1, 0, 0, 1], [1, 0, 0, -1, -1, -1, 1, 0, 1, 1], [0, 1, -1, 0, 0, 0, 1, 0, -1, 0], [1, -1, 0, 0, 0, 0, 1, 1, 0, -1], [0, 1, 1, 0, 0, 0, -1, 1, -1, -1], [0, 0, 1, 0, 0, 0, 0, 0, -1, 0], [0, -1, -1, 1, -1, 1, 0, 1, 0, 0], [0, 1, 0, 0, 0, 0, 0, 1, 1, 0], [0, 0, 1, -1, 0, -1, 1, 1, 0, -1], [0, 0, 0, 0, -1, 0, -1, 1, 0, -1], [-1, -1, 1, 1, 0, 0, 0, 0, 0, 0], [0, 0, 1, -1, 1, -1, -1, 0, 0, 0], [-1, 0, -1, -1, 1, 0, -1, 1, 0, 0], [0, -1, 0, 1, 1, 0, 1, 0, 1, 0], [1, 0, -1, 1, -1, -1, 0, 1, 0, -1], [0, 1, 0, 1, -1, -1, 1, 1, 0, 1], [1, 0, 0, 1, -1, 1, 1, 0, 0, -1], [1, 1, 0, 1, -1, 1, -1, 1, 0, 1], [0, 0, 0, 1, 1, 0, 0, 0, 0, 0], [0, -1, -1, 0, -1, 0, 0, 1, 1, 0], [0, -1, 0, -1, -1, -1, 1, 1, 0, -1], [0, 1, 0, 0, -1, 1, 1, 1, 0, -1], [-1, 1, 0, -1, 0, 0, 0, 1, -1, 0], [0, -1, 1, 0, 1, 1, 0, 1, 0, 1], [0, -1, 0, 0, 0, 1, 1, 1, 0, 0], [0, 0, -1, 1, 1, 0, 1, 1, -1, 0], [1, -1, 0, 0, 1, -1, -1, 1, 1, 1], [1, 0, 0, -1, 0, 1, -1, 0, -1, -1], [1, -1, 0, 0, -1, 0, 0, 1, 0, -1], [0, -1, -1, 0, -1, -1, 0, 1, 0, 0], [0, 0, -1, 1, 0, 1, -1, 0, 0, 0], [1, 0, 0, -1, -1, -1, 1, 1, 0, 0], [0, 1, 0, 0, 1, 0, 0, 1, 0, 0], [0, -1, 0, 0, -1, 1, 0, 0, -1, 1], [-1, -1, 1, -1, 0, 0, 0, 1, 0, 0], [1, -1, 0, 0, 1, 1, -1, 0, 0, 0], [0, 1, -1, -1, -1, 1, 1, 1, 0, 1], [1, -1, 1, 1, 1, 1, -1, 0, 0, 0], [1, -1, 1, 0, 1, 0, 1, 0, 0, 1], [-1, 1, 0, -1, 0, 1, 0, 0, 1, -1], [-1, -1, -1, 1, 0, 1, 1, 0, -1, 1], [0, 0, 0, 0, -1, 1, 0, 0, 0, 0], [0, 1, 0, 0, 0, 0, 0, 0, 1, 0], [-1, 0, 1, 0, 1, -1, 1, 0, -1, 1], [1, 0, 0, -1, 1, 0, 1, 1, -1, 1], [1, -1, -1, 0, 0, -1, 1, 0, -1, 1], [0, 1, 1, -1, 0, 0, 0, 0, 1, -1], [0, 1, 1, 0, 1, 0, 0, 1, 1, 1], [-1, 0, 0, 0, 0, -1, 0, 1, 1, 1], [1, 1, -1, 1, 1, -1, 0, 0, 1, 0], [1, 1, 0, 1, 0, -1, 0, 0, -1, 0], [0, 0, 1, -1, 1, -1, 1, 1, 0, 1], [-1, 0, -1, 1, 0, 0, 0, 0, -1, 0], [1, 0, 1, 1, 0, -1, 0, 0, 1, 0], [0, 0, 0, -1, 0, 0, 0, 1, 0, 0], [0, 0, 0, 0, 1, 0, 0, 1, 0, 1], [0, 0, -1, 0, 0, 0, 0, 0, 0, 1], [0, -1, 0, 0, -1, 0, 0, 1, 0, 1], [0, 0, -1, -1, -1, -1, -1, 1, 1, 0], [0, 0, 1, -1, 0, 0, 1, 1, -1, 1], [-1, 0, -1, 1, 0, 0, 0, 0, 0, 1], [0, 0, 0, 0, 1, 0, 0, 0, 1, 0], [1, 0, 0, 0, 1, 1, 0, 1, -1, 0], [-1, 0, -1, 1, 1, 0, -1, 0, 1, 0], [-1, 1, 1, 0, -1, -1, 1, 0, -1, -1], [-1, -1, 1, 0, 1, 0, 0, 0, 1, 0], [0, 1, 0, 1, 1, 0, 0, 1, -1, 1], [1, 0, 0, 0, 0, 0, 0, 0, -1, 0], [-1, 1, 0, 1, 0, -1, -1, 0, 0, 0], [0, -1, -1, 0, 0, 0, 0, 1, 0, 0], [1, 0, 1, 1, 0, 0, 0, 0, -1, 0], [0, -1, 0, -1, 0, 0, 0, 1, 0, 0], [-1, 1, 0, 0, 0, 0, -1, 1, 0, 0], [1, 0, -1, 1, 1, 0, -1, 0, 1, 0], [1, 0, -1, 1, -1, 0, 0, 0, 1, 1], [1, 0, 0, 1, 0, -1, -1, 0, -1, 0], [0, 1, -1, 1, 0, 1, 0, 0, 0, 0], [0, 1, 0, -1, 1, 1, -1, 1, 0, -1], [-1, 1, 1, 0, 0, 0, 0, 1, 0, 1], [-1, 1, 0, 0, 1, 0, 0, 0, 1, 1], [0, 0, 0, 0, 0, -1, 0, 1, 0, 0], [0, 0, 1, 0, 0, 0, 0, 1, 0, 0], [0, 0, 0, 1, -1, -1, 0, 1, 0, -1], [0, 0, -1, 0, 0, 1, -1, 1, 1, 0], [0, 1, -1, -1, 1, -1, -1, 0, 1, 0], [-1, 0, 1, -1, 0, -1, -1, 1, 0, 0], [-1, -1, -1, 0, 0, 1, -1, 0, -1, 0], [1, -1, 0, 0, 0, 0, 0, 0, 1, 1], [-1, 0, 0, 0, 0, 0, 0, 0, 0, -1], [0, 0, 0, -1, 1, 0, 1, 1, -1, -1], [0, 0, 0, -1, 1, 1, -1, 1, 1, -1], [1, 0, -1, 0, 0, -1, -1, 0, 1, -1], [-1, 0, 0, 1, -1, -1, 0, 0, 0, 0], [0, 0, 0, -1, 0, 0, -1, 1, 0, 1], [0, 0, -1, -1, 0, -1, -1, 1, 0, 0], [-1, 0, 0, 0, 0, 1, 0, 0, 0, -1], [1, 0, 1, -1, 0, 0, -1, 0, 0, -1], [0, 0, 1, 0, 0, 0, -1, 1, 1, 1], [-1, 0, -1, 0, 0, -1, -1, 1, 0, 1], [0, 1, 0, -1, 0, 0, 0, 1, 0, 0], [0, 0, 1, 0, 1, 0, 1, 0, -1, 0], [1, 1, 0, 0, 1, 1, -1, 1, 0, 0], [1, -1, -1, 1, -1, 0, 1, 1, 0, 0], [0, 1, 1, -1, 1, 1, 0, 1, 1, -1], [0, 0, 0, 0, 1, 0, 0, 1, 1, 0], [0, 0, 1, 0, 0, -1, -1, 1, 1, 0], [1, -1, 0, -1, 0, 1, 1, 0, 0, 1], [1, 0, 0, 0, -1, 0, 1, 1, 0, 0], [1, 0, 0, -1, 0, -1, -1, 1, 0, -1], [1, 0, -1, -1, 0, 1, -1, 1, 1, 0], [-1, 1, 0, 0, -1, 0, 1, 1, 0, 0], [0, 0, 0, 0, -1, 0, 0, 1, 1, 1], [-1, 1, -1, -1, -1, 0, 0, 1, 0, 1], [1, 0, 0, 1, 1, 1, 1, 0, -1, 1], [-1, -1, 0, 0, 0, -1, 0, 0, 0, 0], [1, -1, 1, -1, 0, 0, -1, 1, 0, -1], [-1, 1, -1, 0, 0, -1, -1, 0, 1, -1], [1, 0, 1, -1, 0, -1, 1, 0, 0, -1], [1, 1, 0, 1, 0, -1, 0, 1, -1, 0], [1, 0, 0, 1, -1, -1, 0, 1, 0, 0], [1, 0, -1, 0, 0, 0, 0, 1, 0, 0], [1, -1, 0, 1, 0, 0, 1, 1, 0, 0], [0, -1, 0, 0, 0, 0, 0, 1, 0, -1], [-1, 0, 0, 0, 0, 1, 0, 0, 1, 1], [-1, 0, 0, -1, 0, -1, -1, 1, 0, 0], [-1, -1, -1, 0, 0, -1, 0, 0, 1, 0], [0, 1, -1, 0, 0, -1, 0, 1, -1, 1], [-1, 0, -1, 1, 0, 1, 0, 1, -1, 1], [-1, 1, 0, 1, 0, 0, 0, 0, 1, 0], [-1, -1, 0, 1, 1, 0, 0, 1, -1, 1], [-1, -1, 0, 0, 0, 1, 1, 1, -1, 0], [-1, 0, 1, 0, 0, 1, -1, 0, -1, -1], [0, 1, -1, 1, 0, 1, 0, 0, 0, 0], [0, 0, 0, -1, -1, -1, 1, 1, 0, 0], [-1, 1, 0, 0, 0, -1, -1, 1, 0, 1], [0, 0, 0, 1, 0, 0, 1, 1, 0, 0], [0, 1, 0, 0, 1, 0, 0, 0, 1, 0], [-1, 1, 0, 0, -1, 0, 1, 0, 0, -1], [0, -1, 1, 1, 1, 0, 0, 1, 0, 1], [0, 0, 0, 0, 0, 0, 0, 0, 0, -1], [-1, 0, 0, 0, 1, -1, -1, 1, 0, 0], [-1, 0, 0, 0, -1, -1, 0, 1, 0, 0], [-1, -1, 0, 0, -1, -1, 0, 0, 1, 1], [1, 0, 1, 1, -1, 0, 0, 1, -1, 0], [1, 1, 0, -1, -1, -1, 0, 1, -1, 1], [0, -1, 0, -1, 1, -1, 1, 0, 0, -1], [0, 1, -1, 0, 0, 1, 0, 0, 0, 0], [0, -1, 1, 0, 0, -1, 0, 0, 0, -1], [0, -1, 0, -1, 0, 0, 0, 0, -1, -1], [0, -1, 0, 0, 1, -1, 1, 1, 0, 1], [0, 1, 0, -1, 0, 0, 0, 0, -1, -1], [0, -1, 0, 0, 1, 0, 1, 0, 1, 1], [-1, 1, 0, -1, 0, 1, 1, 1, 0, 0], [0, -1, 0, 0, 0, 0, 1, 0, 0, 1], [-1, 0, 0, 1, 0, 1, 0, 1, 1, 0], [0, -1, 1, 1, 1, 0, -1, 0, 1, 0], [-1, 0, 0, 1, 0, 0, 0, 0, 0, 0], [-1, -1, 0, 0, -1, -1, -1, 1, 0, -1], [1, -1, 1, 1, 1, 0, 0, 0, 0, 0], [1, -1, 0, 0, 1, -1, -1, 0, -1, 0], [-1, 0, 1, 0, 1, -1, -1, 0, 0, 1], [0, 1, 0, -1, 0, 1, 1, 0, -1, -1], [-1, 1, -1, 0, 0, 0, 0, 1, -1, 1], [0, 0, -1, -1, 0, 0, -1, 1, 1, -1], [0, -1, 0, 1, 0, 0, 1, 0, 0, 0], [0, 0, 0, 0, 1, 0, 0, 0, 1, 0], [0, 0, 0, 0, -1, 1, 0, 1, 0, 0], [0, -1, 0, 0, 0, 0, 0, 1, -1, 0], [-1, 0, 1, -1, 0, 0, 1, 1, 1, 0], [0, 1, 1, -1, 0, 0, 0, 0, -1, -1], [-1, 0, 0, 1, -1, -1, 0, 0, -1, 0], [1, 0, -1, -1, 1, 0, -1, 1, 1, -1], [0, 1, 0, 1, 0, 1, 1, 1, -1, 1], [0, 1, 0, 1, 0, 0, 0, 1, -1, 0], [0, 0, 1, 1, 0, -1, 0, 1, 1, 0], [0, 0, -1, 1, 1, 0, -1, 0, 0, -1], [1, 0, 0, -1, -1, 0, 0, 0, 0, 0], [0, 1, -1, -1, -1, -1, 0, 1, 0, 0], [1, 0, 0, 1, -1, -1, 0, 1, 0, -1], [0, 0, -1, 0, 0, 0, -1, 0, -1, 0], [0, 0, 1, 0, 0, 0, 1, 0, 0, 0], [1, -1, -1, -1, 1, -1, 0, 1, 1, 0], [1, -1, -1, 0, 1, 0, -1, 0, 0, 0], [-1, -1, -1, 1, 0, 0, 1, 1, 0, 0], [0, 0, -1, 0, 1, -1, 0, 0, 0, 0], [0, -1, 0, 0, 1, 0, -1, 1, 0, 1], [-1, 1, 0, 0, 1, 0, 0, 0, 1, 1], [0, 0, 1, -1, 0, 1, 0, 0, 1, 0], [0, 1, 1, 0, 1, 1, 0, 0, 0, 1], [1, 1, 0, 0, 0, 0, 1, 1, 0, 0], [0, 0, 0, -1, 0, -1, 0, 1, 1, 0], [0, 0, -1, -1, 1, 0, 0, 1, 0, 1], [0, -1, 0, 0, 1, 1, 0, 1, -1, 0], [0, 0, 0, 0, 0, 0, 0, 1, 1, 0], [1, 0, 1, 1, 1, -1, 0, 1, 1, 1], [1, 0, -1, 0, 0, -1, 0, 0, -1, 0], [1, -1, 0, 0, 1, 1, 0, 1, 0, 0], [-1, 0, 0, 0, 0, 0, -1, 0, 1, 1], [0, 0, -1, 1, 1, 0, 0, 1, 0, 0], [-1, 1, -1, 0, -1, 0, 0, 1, 0, 0], [0, 1, 0, -1, -1, -1, 0, 1, 0, -1], [0, -1, 0, 1, 1, 0, 0, 1, -1, 1], [1, 0, 0, -1, 1, 1, 1, 0, -1, -1], [-1, -1, 0, 1, 1, 0, 0, 1, -1, 1], [1, 1, 0, -1, 1, 0, 0, 0, -1, -1], [1, 0, 1, 0, 0, 0, -1, 1, 0, -1], [1, 0, 1, 0, 0, 0, 1, 1, 1, -1], [1, -1, 0, 1, 0, 0, -1, 0, 1, 0], [0, 0, 0, 1, 0, 0, -1, 0, 1, 0], [0, -1, 1, 0, 0, -1, 0, 0, 1, 0], [0, -1, -1, 0, -1, 1, 0, 1, 0, 0], [0, 0, 1, 0, 0, 1, 0, 1, -1, 0], [1, 1, 0, -1, -1, -1, 0, 1, -1, -1], [0, 0, 1, 1, 0, 1, -1, 1, 1, 0], [0, 1, -1, -1, 0, -1, 0, 1, 0, 1], [1, 1, -1, 1, 0, -1, 0, 1, 1, 1], [0, 0, 1, 0, 0, 0, 0, 0, 0, -1], [0, 0, 1, 0, 1, -1, 0, 0, 0, 1], [-1, 1, -1, -1, 1, 1, 1, 1, -1, 1], [1, 0, 0, 0, 0, 0, 0, 0, -1, 0], [0, 1, -1, 1, 0, 1, 0, 1, 0, 0], [0, 1, -1, 0, 0, 0, -1, 0, 0, 0], [0, 0, 0, 0, 0, 1, -1, 1, 0, 0], [-1, 1, 0, 0, 0, 0, 1, 0, 0, 0], [-1, -1, 1, 0, -1, -1, 1, 1, 0, 0], [-1, 1, -1, -1, 0, -1, 0, 0, 0, 1], [0, 0, 1, -1, 0, 1, 0, 1, 1, 0], [-1, 0, 0, -1, 0, -1, 0, 0, 0, 0], [-1, -1, 0, 0, 1, 0, 0, 0, 1, 1], [0, -1, 0, 0, 0, 0, 0, 0, 0, 0], [0, 1, 0, 0, -1, 0, 0, 1, 0, -1], [1, 0, 0, 0, 0, 0, 0, 1, 0, 0], [1, 0, 0, -1, 0, 0, 0, 1, 1, 0], [-1, 1, 0, -1, 0, 1, 0, 0, -1, -1], [0, 0, 1, 0, 1, 0, 0, 1, 0, 0], [0, 1, 0, 0, 0, 0, 0, 0, -1, 0], [0, 0, 0, -1, 1, 0, -1, 0, 1, -1], [-1, 1, 0, 1, 0, -1, 0, 1, 1, 1], [0, 0, 1, -1, 0, -1, 0, 0, -1, 0], [0, -1, 0, 1, 0, 0, 1, 0, 0, 0], [1, 1, 0, -1, 0, 0, 0, 0, -1, 0], [0, -1, 1, 1, -1, 1, 0, 1, 0, 1], [1, -1, -1, 0, 0, 0, 0, 1, 0, 1], [0, 0, 0, -1, 0, -1, 0, 1, 0, 0], [1, 0, 0, 0, 1, 0, -1, 1, 0, 0], [0, 0, 0, 0, -1, 0, -1, 0, 1, -1], [0, 0, 0, 1, 1, 1, 1, 1, 1, 1], [-1, 1, 0, 0, -1, 0, 1, 1, 1, 0], [0, 0, 1, -1, 0, -1, -1, 1, 1, 0], [0, 0, 0, 1, 1, 1, -1, 0, 0, 1], [0, 0, -1, 1, 0, 1, 0, 1, 0, 1], [-1, 1, -1, 0, 0, -1, 0, 0, -1, 0], [-1, -1, 0, 0, -1, 1, 1, 0, 0, 0], [-1, 0, 0, 1, 0, 0, 0, 0, 1, 0], [0, 0, 0, 0, 1, 0, 0, 1, -1, 0], [1, 0, 1, 0, -1, 0, 1, 1, 0, 0], [-1, -1, 0, 0, -1, 1, 1, 0, 0, 0], [0, 0, -1, -1, -1, 0, 1, 1, 0, 1], [-1, 1, 1, -1, 0, 0, 0, 1, 0, 0], [-1, -1, 0, 1, 0, 1, -1, 0, 0, 0], [-1, 0, 0, 0, 0, 0, 0, 0, 0, -1], [-1, 0, 0, 0, 0, -1, 1, 1, 0, 0], [0, 0, 1, 0, 0, 0, 0, 1, 1, -1], [1, 0, -1, 1, 0, 0, 0, 0, 1, 0], [0, -1, 0, 0, 0, 0, 1, 1, 0, 1], [-1, -1, 0, -1, -1, 1, 0, 1, -1, -1], [-1, -1, 0, 0, 1, -1, 0, 0, 0, 0], [1, 0, -1, 0, -1, -1, 1, 1, -1, 0], [-1, 0, 1, 0, 1, 1, 0, 0, 1, 0], [1, 1, -1, 0, 1, 1, -1, 0, 0, 0], [0, 0, 0, -1, 0, 0, 0, 1, 0, 0], [0, -1, -1, -1, 0, -1, 0, 0, 0, 1], [1, 0, 0, 1, 1, 0, 1, 1, -1, 0], [1, 1, 1, 1, 0, 1, 1, 1, -1, 0], [1, 0, 1, 0, 0, 0, 0, 1, -1, 0], [1, -1, -1, 0, 0, 0, -1, 0, -1, 0], [0, 1, -1, 0, 0, 1, 0, 0, 0, 1], [0, 0, -1, 0, 1, 0, 0, 1, -1, 0], [0, 0, 1, 0, 0, -1, 1, 1, 0, 0], [0, -1, 0, 0, 0, 1, 0, 0, 0, -1], [0, 0, -1, 0, 1, 1, 1, 0, 0, 0], [1, -1, 0, 0, 1, 1, -1, 0, 1, 1], [0, 0, -1, 0, 0, 1, 0, 0, -1, 1], [0, 1, -1, 0, -1, 0, 0, 1, 0, 1], [-1, 0, 1, 1, 0, -1, 1, 0, -1, 0], [0, 0, 0, 0, 0, 0, 1, 1, 0, 0], [0, 1, 1, 1, 0, 0, 0, 0, 0, 1], [0, -1, 1, 0, -1, 0, 1, 1