solve time: 666.2418463230133

 number of functions evaluations
[10000.0, 10000.0, 10000.0]

 variance
[array([[6.81562184e+03, 2.41422599e+00, 4.51427345e+04, 1.26104901e+02,
        2.00450828e+02, 2.38304776e+02, 8.80026101e+02, 5.75080278e+01,
        4.23224528e+01, 3.64074340e+02],
       [2.41422599e+00, 1.09453540e-03, 1.69894017e+01, 4.10506897e-02,
        5.58422359e-02, 8.89847695e-02, 6.53395107e-01, 3.51103910e-02,
        2.74398187e-02, 1.56135778e-01],
       [4.51427345e+04, 1.69894017e+01, 3.05859620e+05, 7.75285605e+02,
        1.21589678e+03, 1.42635704e+03, 7.76500337e+03, 4.21390922e+02,
        3.57354972e+02, 2.67450999e+03],
       [1.26104901e+02, 4.10506897e-02, 7.75285605e+02, 1.01043622e+01,
        4.79333516e+00, 1.79796153e+01, 1.86953606e+01, 1.77567702e+00,
        8.65495751e-01, 5.81632865e+00],
       [2.00450828e+02, 5.58422359e-02, 1.21589678e+03, 4.79333516e+00,
        4.74168116e+01, 2.12903857e+01, 1.99063722e+01, 2.51595678e+00,
        1.22326945e+00, 1.44040805e+01],
       [2.38304776e+02, 8.89847695e-02, 1.42635704e+03, 1.79796153e+01,
        2.12903857e+01, 1.07393524e+02, 5.80892483e+01, 5.01709526e+00,
        2.75083033e+00, 2.14111447e+01],
       [8.80026101e+02, 6.53395107e-01, 7.76500337e+03, 1.86953606e+01,
        1.99063722e+01, 5.80892483e+01, 2.09323504e+03, 3.20679640e+01,
        5.34440812e+01, 2.78437729e+01],
       [5.75080278e+01, 3.51103910e-02, 4.21390922e+02, 1.77567702e+00,
        2.51595678e+00, 5.01709526e+00, 3.20679640e+01, 2.27040997e+02,
        3.92323391e+00, 4.23822864e+00],
       [4.23224528e+01, 2.74398187e-02, 3.57354972e+02, 8.65495751e-01,
        1.22326945e+00, 2.75083033e+00, 5.34440812e+01, 3.92323391e+00,
        2.35097690e+00, 1.17529774e+01],
       [3.64074340e+02, 1.56135778e-01, 2.67450999e+03, 5.81632865e+00,
        1.44040805e+01, 2.14111447e+01, 2.78437729e+01, 4.23822864e+00,
        1.17529774e+01, 2.79947953e+02]]), array([[9.12225085e+05, 7.45092374e+01, 5.67179779e+03, 2.02838704e+02,
        2.48425703e+02, 5.06800719e+02, 1.20526010e+05, 1.13736505e+05,
        6.80264283e+05, 2.05912088e+06],
       [7.45092374e+01, 2.04649951e-02, 9.94756829e-01, 2.78087716e-02,
        3.72258431e-02, 7.23432009e-02, 1.88954665e+02, 1.77087022e+02,
        7.12254730e+01, 2.49873213e+02],
       [5.67179779e+03, 9.94756829e-01, 7.90968705e+04, 2.61880781e+02,
        2.61153029e+02, 4.67123043e+02, 8.27380800e+03, 4.86878962e+03,
        5.19189545e+04, 2.45370912e+05],
       [2.02838704e+02, 2.78087716e-02, 2.61880781e+02, 4.73281160e+00,
        1.86703094e+00, 8.54297246e+00, 1.17918700e+02, 9.98347645e+01,
        5.78964609e+02, 2.33288686e+03],
       [2.48425703e+02, 3.72258431e-02, 2.61153029e+02, 1.86703094e+00,
        7.13342702e+00, 7.90521692e+00, 1.68796585e+02, 1.43818998e+02,
        5.90846031e+02, 3.36248505e+03],
       [5.06800719e+02, 7.23432009e-02, 4.67123043e+02, 8.54297246e+00,
        7.90521692e+00, 4.99121664e+01, 3.03131995e+02, 3.05157396e+02,
        1.29023799e+03, 5.70923781e+03],
       [1.20526010e+05, 1.88954665e+02, 8.27380800e+03, 1.17918700e+02,
        1.68796585e+02, 3.03131995e+02, 3.47840959e+07, 2.84271119e+06,
        1.18857766e+05, 3.83021751e+06],
       [1.13736505e+05, 1.77087022e+02, 4.86878962e+03, 9.98347645e+01,
        1.43818998e+02, 3.05157396e+02, 2.84271119e+06, 5.43131127e+07,
        1.20392819e+05, 7.17207031e+05],
       [6.80264283e+05, 7.12254730e+01, 5.19189545e+04, 5.78964609e+02,
        5.90846031e+02, 1.29023799e+03, 1.18857766e+05, 1.20392819e+05,
        9.20698239e+05, 2.11216339e+06],
       [2.05912088e+06, 2.49873213e+02, 2.45370912e+05, 2.33288686e+03,
        3.36248505e+03, 5.70923781e+03, 3.83021751e+06, 7.17207031e+05,
        2.11216339e+06, 1.62342062e+07]]), array([[9.36717638e+05, 7.84661863e+01, 2.51102355e-32, 9.13299779e-33,
        1.24801197e-31, 7.04816777e-33, 1.25134165e+05, 1.18375340e+05,
        7.00984609e+05, 2.13981905e+06],
       [7.84661863e+01, 2.20396274e-02, 1.09170647e-36, 4.92469849e-37,
        5.13174855e-36, 2.45462555e-37, 1.96695054e+02, 1.84467807e+02,
        7.56704592e+01, 2.68086551e+02],
       [2.51102355e-32, 1.09170647e-36, 6.33003890e-68, 4.73689147e-69,
        2.93192204e-68, 5.63654370e-69, 1.37031935e-34, 5.95701429e-35,
        2.21273280e-32, 8.64931508e-32],
       [9.13299779e-33, 4.92469849e-37, 4.73689147e-69, 4.27786043e-69,
        1.25369588e-68, 1.67622367e-69, 5.33796820e-35, 5.04712023e-36,
        9.63206163e-33, 2.83027856e-32],
       [1.24801197e-31, 5.13174855e-36, 2.93192204e-68, 1.25369588e-68,
        3.43400317e-66, 8.50338119e-69, 4.11033533e-34, 1.60532788e-35,
        9.41554508e-32, 1.81651527e-31],
       [7.04816777e-33, 2.45462555e-37, 5.63654370e-69, 1.67622367e-69,
        8.50338119e-69, 6.48325839e-69, 2.04299920e-35, 3.04683603e-36,
        5.68104018e-33, 1.90759654e-32],
       [1.25134165e+05, 1.96695054e+02, 1.37031935e-34, 5.33796820e-35,
        4.11033533e-34, 2.04299920e-35, 3.52734901e+07, 2.88443235e+06,
        1.18977321e+05, 3.85600055e+06],
       [1.18375340e+05, 1.84467807e+02, 5.95701429e-35, 5.04712023e-36,
        1.60532788e-35, 3.04683603e-36, 2.88443235e+06, 5.54008394e+07,
        1.20808551e+05, 7.24819354e+05],
       [7.00984609e+05, 7.56704592e+01, 2.21273280e-32, 9.63206163e-33,
        9.41554508e-32, 5.68104018e-33, 1.18977321e+05, 1.20808551e+05,
        9.09612487e+05, 2.09729165e+06],
       [2.13981905e+06, 2.68086551e+02, 8.64931508e-32, 2.83027856e-32,
        1.81651527e-31, 1.90759654e-32, 3.85600055e+06, 7.24819354e+05,
        2.09729165e+06, 1.65236074e+07]])]

 max variance
[305859.62005903485, 54313112.6570978, 55400839.42043328]

 cost matrix
[array([[ 9.73444747e+00, -1.80022988e-01, -2.44963821e+01,
         1.65614633e+00,  1.90745213e+00, -2.00055814e+00,
         3.37893432e+00,  5.88913559e-01, -5.22731212e-01,
        -6.66062966e-02],
       [-1.80022988e-01,  3.65347809e-03,  4.66791366e-01,
        -2.87539683e-02, -3.23943865e-02,  3.53907065e-02,
        -8.25576888e-02, -1.38958467e-02,  1.37221610e-02,
         4.68137870e-03],
       [-2.44963821e+01,  4.66791366e-01,  6.25461087e+01,
        -3.93229477e+00, -4.52399479e+00,  4.63491326e+00,
        -9.46085947e+00, -1.57748979e+00,  1.50191122e+00,
         3.28706391e-01],
       [ 1.65614633e+00, -2.87539683e-02, -3.93229477e+00,
         5.43014655e-01,  4.72683654e-01, -6.63139977e-01,
         6.36646492e-01,  1.32974533e-01, -1.08500305e-01,
        -2.51785453e-02],
       [ 1.90745213e+00, -3.23943865e-02, -4.52399479e+00,
         4.72683654e-01,  7.95266473e-01, -7.43473424e-01,
         6.98619855e-01,  1.47907945e-01, -1.23679026e-01,
        -5.80328104e-02],
       [-2.00055814e+00,  3.53907065e-02,  4.63491326e+00,
        -6.63139977e-01, -7.43473424e-01,  1.23912245e+00,
        -8.64974912e-01, -1.84617070e-01,  1.57089828e-01,
         6.74791522e-02],
       [ 3.37893432e+00, -8.25576888e-02, -9.46085947e+00,
         6.36646492e-01,  6.98619855e-01, -8.64974912e-01,
         3.64607992e+00,  3.55716522e-01, -5.99875130e-01,
        -1.38043809e-01],
       [ 5.88913559e-01, -1.38958467e-02, -1.57748979e+00,
         1.32974533e-01,  1.47907945e-01, -1.84617070e-01,
         3.55716522e-01,  3.84787453e-01, -9.21849737e-02,
        -8.09982404e-02],
       [-5.22731212e-01,  1.37221610e-02,  1.50191122e+00,
        -1.08500305e-01, -1.23679026e-01,  1.57089828e-01,
        -5.99875130e-01, -9.21849737e-02,  1.25696427e-01,
         1.01892787e-01],
       [-6.66062966e-02,  4.68137870e-03,  3.28706391e-01,
        -2.51785453e-02, -5.80328104e-02,  6.74791522e-02,
        -1.38043809e-01, -8.09982404e-02,  1.01892787e-01,
         3.98167152e-01]]), array([[ 6.11192329e+02, -5.93967387e+00,  1.74149148e+01,
        -6.33983529e+00, -7.38037265e+00,  7.30718600e+00,
         1.79833167e+02,  9.12619746e+01,  5.79313464e+02,
         1.27223857e+03],
       [-5.93967387e+00,  9.81987232e-02, -2.23804560e-01,
         7.38516887e-02,  8.62524715e-02, -8.49246708e-02,
        -8.41750362e+00, -3.80927580e+00, -5.93006398e+00,
        -1.48281159e+01],
       [ 1.74149148e+01, -2.23804560e-01,  2.55945562e+01,
        -1.95095648e+00, -2.08220794e+00,  2.33997476e+00,
         1.16619408e+01,  5.10648989e+00,  3.46921174e+01,
         8.63023630e+01],
       [-6.33983529e+00,  7.38516887e-02, -1.95095648e+00,
         3.23194323e-01,  2.71657520e-01, -4.00542650e-01,
        -4.15874500e+00, -1.82097586e+00, -8.07672156e+00,
        -2.01051016e+01],
       [-7.38037265e+00,  8.62524715e-02, -2.08220794e+00,
         2.71657520e-01,  4.16410697e-01, -4.25052673e-01,
        -4.84987538e+00, -2.16758889e+00, -9.18812432e+00,
        -2.36364205e+01],
       [ 7.30718600e+00, -8.49246708e-02,  2.33997476e+00,
        -4.00542650e-01, -4.25052673e-01,  7.52230853e-01,
         4.70080864e+00,  2.10932571e+00,  9.27592289e+00,
         2.32403821e+01],
       [ 1.79833167e+02, -8.41750362e+00,  1.16619408e+01,
        -4.15874500e+00, -4.84987538e+00,  4.70080864e+00,
         3.65302585e+03,  5.52083338e+02,  1.81236489e+02,
         1.54770592e+03],
       [ 9.12619746e+01, -3.80927580e+00,  5.10648989e+00,
        -1.82097586e+00, -2.16758889e+00,  2.10932571e+00,
         5.52083338e+02,  1.40426133e+03,  9.28805569e+01,
         3.24733419e+02],
       [ 5.79313464e+02, -5.93006398e+00,  3.46921174e+01,
        -8.07672156e+00, -9.18812432e+00,  9.27592289e+00,
         1.81236489e+02,  9.28805569e+01,  6.22226194e+02,
         1.29940015e+03],
       [ 1.27223857e+03, -1.48281159e+01,  8.63023630e+01,
        -2.01051016e+01, -2.36364205e+01,  2.32403821e+01,
         1.54770592e+03,  3.24733419e+02,  1.29940015e+03,
         4.22685961e+03]]), array([[ 6.31659245e+02, -6.20273710e+00, -3.62699903e-19,
        -5.51022152e-19,  2.15464646e-18, -4.35774582e-19,
         1.88276193e+02,  9.49706929e+01,  5.92405807e+02,
         1.30929682e+03],
       [-6.20273710e+00,  1.03076004e-01,  4.11850838e-21,
         2.76369992e-21, -1.26198071e-20,  2.59360858e-21,
        -8.65419036e+00, -3.91465242e+00, -6.11074142e+00,
        -1.53323181e+01],
       [-3.62699903e-19,  4.11850838e-21,  1.43637719e-35,
        -2.57247352e-36, -5.30155369e-36,  1.90651674e-36,
        -2.90182386e-19, -3.74305351e-20,  1.66755149e-20,
         3.46758761e-20],
       [-5.51022152e-19,  2.76369992e-21, -2.57247352e-36,
         4.47345935e-36,  2.51011244e-36, -1.10999476e-36,
        -1.14988595e-20, -1.82071810e-21, -7.27236770e-19,
        -1.39557622e-18],
       [ 2.15464646e-18, -1.26198071e-20, -5.30155369e-36,
         2.51011244e-36,  3.41088783e-35, -1.06407618e-36,
         1.49050861e-19, -2.21486389e-20,  2.07928336e-18,
         1.99584032e-18],
       [-4.35774582e-19,  2.59360858e-21,  1.90651674e-36,
        -1.10999476e-36, -1.06407618e-36,  3.18805752e-36,
        -2.08694495e-20, -5.16747799e-22, -2.24418432e-19,
        -5.90191784e-19],
       [ 1.88276193e+02, -8.65419036e+00, -2.90182386e-19,
        -1.14988595e-20,  1.49050861e-19, -2.08694495e-20,
         3.68680387e+03,  5.57711009e+02,  1.84423024e+02,
         1.57111403e+03],
       [ 9.49706929e+01, -3.91465242e+00, -3.74305351e-20,
        -1.82071810e-21, -2.21486389e-20, -5.16747799e-22,
         5.57711009e+02,  1.42251063e+03,  9.41885364e+01,
         3.30837744e+02],
       [ 5.92405807e+02, -6.11074142e+00,  1.66755149e-20,
        -7.27236770e-19,  2.07928336e-18, -2.24418432e-19,
         1.84423024e+02,  9.41885364e+01,  6.17536650e+02,
         1.29370937e+03],
       [ 1.30929682e+03, -1.53323181e+01,  3.46758761e-20,
        -1.39557622e-18,  1.99584032e-18, -5.90191784e-19,
         1.57111403e+03,  3.30837744e+02,  1.29370937e+03,
         4.23791524e+03]])]
