solve time: 101.01346969604492

 number of functions evaluations
[1000.0, 1000.0, 1000.0]

 variance
[array([[5.54063393e+03, 1.74511024e+00, 3.59843117e+04, 1.23366152e+02,
        1.13078024e+02, 1.76836716e+02, 7.61514969e+02, 8.81065399e+01,
        3.85850778e+01, 2.94671307e+02],
       [1.74511024e+00, 7.61650523e-04, 1.25801249e+01, 3.36722901e-02,
        3.20427605e-02, 4.98313826e-02, 9.14632742e-01, 5.96136259e-02,
        3.02916800e-02, 1.28454209e-01],
       [3.59843117e+04, 1.25801249e+01, 2.41910299e+05, 7.19890726e+02,
        6.83388398e+02, 1.00347007e+03, 8.71533759e+03, 7.80812159e+02,
        3.52325227e+02, 2.07154785e+03],
       [1.23366152e+02, 3.36722901e-02, 7.19890726e+02, 1.12979693e+01,
        4.22704646e+00, 1.74052845e+01, 2.05943739e+01, 4.09688647e+00,
        6.45341694e-01, 4.34320835e+00],
       [1.13078024e+02, 3.20427605e-02, 6.83388398e+02, 4.22704646e+00,
        7.32986766e+00, 1.07569783e+01, 2.09524310e+01, 4.16264436e+00,
        8.51688057e-01, 6.99629752e+00],
       [1.76836716e+02, 4.98313826e-02, 1.00347007e+03, 1.74052845e+01,
        1.07569783e+01, 6.07295228e+01, 7.51039872e+01, 1.83861303e+01,
        1.50148583e+00, 6.64991543e+00],
       [7.61514969e+02, 9.14632742e-01, 8.71533759e+03, 2.05943739e+01,
        2.09524310e+01, 7.51039872e+01, 8.18798692e+03, 4.73471577e+01,
        1.57874245e+02, 3.42652680e+01],
       [8.81065399e+01, 5.96136259e-02, 7.80812159e+02, 4.09688647e+00,
        4.16264436e+00, 1.83861303e+01, 4.73471577e+01, 8.27798102e+02,
        6.68262063e+00, 2.45890487e+01],
       [3.85850778e+01, 3.02916800e-02, 3.52325227e+02, 6.45341694e-01,
        8.51688057e-01, 1.50148583e+00, 1.57874245e+02, 6.68262063e+00,
        3.51904643e+00, 6.14849573e+00],
       [2.94671307e+02, 1.28454209e-01, 2.07154785e+03, 4.34320835e+00,
        6.99629752e+00, 6.64991543e+00, 3.42652680e+01, 2.45890487e+01,
        6.14849573e+00, 9.10201471e+01]]), array([[8.53101304e+05, 7.02489834e+01, 2.59793184e+03, 1.35320013e+02,
        1.72639595e+02, 3.00325791e+02, 1.26561684e+05, 1.30233731e+05,
        6.29845753e+05, 1.97339933e+06],
       [7.02489834e+01, 1.98626327e-02, 5.68896076e-01, 2.48094626e-02,
        2.38355853e-02, 3.79043464e-02, 1.97114424e+02, 2.33442382e+02,
        7.18618072e+01, 2.43297211e+02],
       [2.59793184e+03, 5.68896076e-01, 5.65163687e+04, 1.33894045e+02,
        9.76624666e+01, 1.14112485e+02, 7.72956925e+03, 1.20393866e+03,
        2.33183050e+04, 1.89978000e+05],
       [1.35320013e+02, 2.48094626e-02, 1.33894045e+02, 4.18771884e+00,
        8.57322045e-01, 3.36739918e+00, 1.24427263e+02, 1.22271797e+02,
        3.43600570e+02, 1.83742742e+03],
       [1.72639595e+02, 2.38355853e-02, 9.76624666e+01, 8.57322045e-01,
        1.24276839e+00, 2.36134790e+00, 1.91723151e+02, 1.03040766e+02,
        3.56741730e+02, 1.82289026e+03],
       [3.00325791e+02, 3.79043464e-02, 1.14112485e+02, 3.36739918e+00,
        2.36134790e+00, 1.22543135e+01, 5.17084851e+02, 3.00035479e+02,
        4.88798355e+02, 3.70804991e+03],
       [1.26561684e+05, 1.97114424e+02, 7.72956925e+03, 1.24427263e+02,
        1.91723151e+02, 5.17084851e+02, 3.57875972e+07, 3.70831287e+06,
        1.15453528e+05, 3.88686616e+06],
       [1.30233731e+05, 2.33442382e+02, 1.20393866e+03, 1.22271797e+02,
        1.03040766e+02, 3.00035479e+02, 3.70831287e+06, 9.02982955e+07,
        1.27438962e+05, 8.06330998e+05],
       [6.29845753e+05, 7.18618072e+01, 2.33183050e+04, 3.43600570e+02,
        3.56741730e+02, 4.88798355e+02, 1.15453528e+05, 1.27438962e+05,
        7.91741406e+05, 2.01126615e+06],
       [1.97339933e+06, 2.43297211e+02, 1.89978000e+05, 1.83742742e+03,
        1.82289026e+03, 3.70804991e+03, 3.88686616e+06, 8.06330998e+05,
        2.01126615e+06, 1.57505729e+07]]), array([[8.67718832e+05, 7.28225566e+01, 2.38527210e-32, 1.47028224e-32,
        4.49680004e-31, 1.30772829e-32, 1.29838168e+05, 1.32477261e+05,
        6.39399771e+05, 2.02659023e+06],
       [7.28225566e+01, 2.10725157e-02, 1.01279003e-36, 6.14834400e-37,
        1.95043751e-35, 3.90080401e-37, 2.05268263e+02, 2.37742601e+02,
        7.43615325e+01, 2.56105826e+02],
       [2.38527210e-32, 1.01279003e-36, 3.22457995e-68, 2.64441964e-69,
        5.50560561e-68, 3.75162910e-69, 1.32310950e-34, 9.75662372e-36,
        2.53836296e-32, 9.28369097e-32],
       [1.47028224e-32, 6.14834400e-37, 2.64441964e-69, 2.43500665e-69,
        4.21700694e-68, 2.40165444e-69, 7.10688498e-35, 4.50081951e-36,
        1.05493929e-32, 2.85247957e-32],
       [4.49680004e-31, 1.95043751e-35, 5.50560561e-68, 4.21700694e-68,
        1.58105009e-65, 8.42313398e-69, 1.46384898e-34, 5.94949408e-35,
        2.38410753e-31, 1.49792984e-30],
       [1.30772829e-32, 3.90080401e-37, 3.75162910e-69, 2.40165444e-69,
        8.42313398e-69, 6.14470319e-69, 1.43996186e-35, 2.21977634e-36,
        1.32634174e-32, 3.16285772e-32],
       [1.29838168e+05, 2.05268263e+02, 1.32310950e-34, 7.10688498e-35,
        1.46384898e-34, 1.43996186e-35, 3.63813416e+07, 3.75074456e+06,
        1.14953314e+05, 3.92662714e+06],
       [1.32477261e+05, 2.37742601e+02, 9.75662372e-36, 4.50081951e-36,
        5.94949408e-35, 2.21977634e-36, 3.75074456e+06, 9.20870360e+07,
        1.26780974e+05, 8.08003564e+05],
       [6.39399771e+05, 7.43615325e+01, 2.53836296e-32, 1.05493929e-32,
        2.38410753e-31, 1.32634174e-32, 1.14953314e+05, 1.26780974e+05,
        7.83665586e+05, 1.99632928e+06],
       [2.02659023e+06, 2.56105826e+02, 9.28369097e-32, 2.85247957e-32,
        1.49792984e-30, 3.16285772e-32, 3.92662714e+06, 8.08003564e+05,
        1.99632928e+06, 1.58414359e+07]])]

 max variance
[241910.29859322266, 90298295.52364746, 92087036.01782247]

 cost matrix
[array([[ 8.69839772e+00, -1.55298759e-01, -2.19045991e+01,
         1.44683840e+00,  1.59811686e+00, -1.57321630e+00,
         3.16042979e+00,  6.21402129e-01, -5.29051261e-01,
        -3.16494818e-01],
       [-1.55298759e-01,  3.15018307e-03,  4.10377238e-01,
        -2.47569253e-02, -2.73975938e-02,  2.70738644e-02,
        -9.30162236e-02, -1.60198196e-02,  1.58365387e-02,
         1.06598321e-02],
       [-2.19045991e+01,  4.10377238e-01,  5.64224805e+01,
        -3.45041290e+00, -3.83054509e+00,  3.63738406e+00,
        -9.93768838e+00, -1.88971045e+00,  1.66036368e+00,
         1.03366692e+00],
       [ 1.44683840e+00, -2.47569253e-02, -3.45041290e+00,
         4.67207200e-01,  4.05780922e-01, -5.68476665e-01,
         6.10879663e-01,  1.63889101e-01, -1.01528305e-01,
        -2.59946549e-02],
       [ 1.59811686e+00, -2.73975938e-02, -3.83054509e+00,
         4.05780922e-01,  5.75042210e-01, -5.80801729e-01,
         7.02518943e-01,  1.81782823e-01, -1.22595737e-01,
        -6.09888992e-02],
       [-1.57321630e+00,  2.70738644e-02,  3.63738406e+00,
        -5.68476665e-01, -5.80801729e-01,  1.00501652e+00,
        -8.26783943e-01, -2.52203447e-01,  1.30146548e-01,
         9.14234801e-03],
       [ 3.16042979e+00, -9.30162236e-02, -9.93768838e+00,
         6.10879663e-01,  7.02518943e-01, -8.26783943e-01,
         6.29034569e+00,  5.58586083e-01, -9.59084777e-01,
        -3.09585309e-01],
       [ 6.21402129e-01, -1.60198196e-02, -1.88971045e+00,
         1.63889101e-01,  1.81782823e-01, -2.52203447e-01,
         5.58586083e-01,  1.23162119e+00, -1.70919904e-01,
        -2.29962877e-01],
       [-5.29051261e-01,  1.58365387e-02,  1.66036368e+00,
        -1.01528305e-01, -1.22595737e-01,  1.30146548e-01,
        -9.59084777e-01, -1.70919904e-01,  1.70822738e-01,
         1.37907049e-01],
       [-3.16494818e-01,  1.06598321e-02,  1.03366692e+00,
        -2.59946549e-02, -6.09888992e-02,  9.14234801e-03,
        -3.09585309e-01, -2.29962877e-01,  1.37907049e-01,
         4.38129293e-01]]), array([[ 5.54812749e+02, -5.57544266e+00,  1.21840863e+01,
        -4.98730561e+00, -6.31490292e+00,  5.88679559e+00,
         1.78265598e+02,  1.04189237e+02,  5.26367292e+02,
         1.17502967e+03],
       [-5.57544266e+00,  9.61057879e-02, -1.57086904e-01,
         6.03312378e-02,  7.37154421e-02, -6.78026042e-02,
        -8.56491202e+00, -4.79428695e+00, -5.61573019e+00,
        -1.41851338e+01],
       [ 1.21840863e+01, -1.57086904e-01,  1.68916108e+01,
        -1.30535616e+00, -1.30763613e+00,  1.40135385e+00,
         1.10457444e+01,  4.12772120e+00,  2.30467972e+01,
         6.48925446e+01],
       [-4.98730561e+00,  6.03312378e-02, -1.30535616e+00,
         2.48542315e-01,  2.00123870e-01, -2.89022366e-01,
        -3.92272468e+00, -2.17171870e+00, -6.19424206e+00,
        -1.65813575e+01],
       [-6.31490292e+00,  7.37154421e-02, -1.30763613e+00,
         2.00123870e-01,  2.76284966e-01, -2.93576243e-01,
        -4.71849161e+00, -2.44486594e+00, -7.72609332e+00,
        -2.01810153e+01],
       [ 5.88679559e+00, -6.78026042e-02,  1.40135385e+00,
        -2.89022366e-01, -2.93576243e-01,  5.05916130e-01,
         4.74545609e+00,  2.56086905e+00,  7.04486974e+00,
         1.95634689e+01],
       [ 1.78265598e+02, -8.56491202e+00,  1.10457444e+01,
        -3.92272468e+00, -4.71849161e+00,  4.74545609e+00,
         3.78226342e+03,  6.82772306e+02,  1.77946600e+02,
         1.56723919e+03],
       [ 1.04189237e+02, -4.79428695e+00,  4.12772120e+00,
        -2.17171870e+00, -2.44486594e+00,  2.56086905e+00,
         6.82772306e+02,  2.14250515e+03,  1.05746303e+02,
         3.77571695e+02],
       [ 5.26367292e+02, -5.61573019e+00,  2.30467972e+01,
        -6.19424206e+00, -7.72609332e+00,  7.04486974e+00,
         1.77946600e+02,  1.05746303e+02,  5.62752019e+02,
         1.20180500e+03],
       [ 1.17502967e+03, -1.41851338e+01,  6.48925446e+01,
        -1.65813575e+01, -2.01810153e+01,  1.95634689e+01,
         1.56723919e+03,  3.77571695e+02,  1.20180500e+03,
         4.00496061e+03]]), array([[ 5.69189391e+02, -5.75166222e+00, -2.88455190e-18,
        -2.17673443e-18,  2.60566434e-17,  3.08388906e-18,
         1.85464373e+02,  1.06638025e+02,  5.35116406e+02,
         1.20296198e+03],
       [-5.75166222e+00,  9.95554603e-02,  3.80118441e-20,
         1.27527465e-22, -1.95777163e-19, -1.97211585e-20,
        -8.78811017e+00, -4.86878742e+00, -5.72646606e+00,
        -1.45531637e+01],
       [-2.88455190e-18,  3.80118441e-20,  1.45065897e-35,
        -4.31941825e-36, -1.24514132e-35,  3.82789923e-36,
        -7.32502387e-19, -5.30072079e-21, -3.26044856e-18,
        -2.82520385e-18],
       [-2.17673443e-18,  1.27527465e-22, -4.31941825e-36,
         4.75371894e-36,  8.53873944e-36, -3.02316336e-36,
         3.48923232e-19, -5.84286155e-21, -1.33365897e-18,
        -1.53460634e-18],
       [ 2.60566434e-17, -1.95777163e-19, -1.24514132e-35,
         8.53873944e-36,  1.36874372e-34, -4.88601881e-36,
         7.41922790e-19,  9.46335453e-20,  2.29250091e-17,
         4.71601295e-17],
       [ 3.08388906e-18, -1.97211585e-20,  3.82789923e-36,
        -3.02316336e-36, -4.88601881e-36,  5.74532718e-36,
        -1.42358775e-20,  3.79852290e-20,  3.13220762e-18,
         7.78550705e-18],
       [ 1.85464373e+02, -8.78811017e+00, -7.32502387e-19,
         3.48923232e-19,  7.41922790e-19, -1.42358775e-20,
         3.81951245e+03,  6.88782497e+02,  1.80063834e+02,
         1.59011814e+03],
       [ 1.06638025e+02, -4.86878742e+00, -5.30072079e-21,
        -5.84286155e-21,  9.46335453e-20,  3.79852290e-20,
         6.88782497e+02,  2.16139094e+03,  1.06007782e+02,
         3.81868895e+02],
       [ 5.35116406e+02, -5.72646606e+00, -3.26044856e-18,
        -1.33365897e-18,  2.29250091e-17,  3.13220762e-18,
         1.80063834e+02,  1.06007782e+02,  5.59430366e+02,
         1.19721811e+03],
       [ 1.20296198e+03, -1.45531637e+01, -2.82520385e-18,
        -1.53460634e-18,  4.71601295e-17,  7.78550705e-18,
         1.59011814e+03,  3.81868895e+02,  1.19721811e+03,
         4.01295322e+03]])]
