solve time: 719.1121716499329

 number of functions evaluations
[10000.0, 10000.0, 10000.0]

 variance
[array([[8.61806001e+03, 2.72018318e+00, 5.67033986e+04, 1.86635135e+02,
        2.58725554e+02, 2.25320724e+02, 5.96048022e+02, 1.63358558e+02,
        6.94348803e+01, 1.83449557e+02],
       [2.72018318e+00, 1.08137320e-03, 1.89314457e+01, 5.68326160e-02,
        7.24448966e-02, 8.45335805e-02, 4.31220640e-01, 1.49686952e-01,
        4.30373287e-02, 7.50232235e-02],
       [5.67033986e+04, 1.89314457e+01, 3.81757317e+05, 1.18684786e+03,
        1.60076791e+03, 1.42805412e+03, 5.15753879e+03, 1.33023331e+03,
        6.27425777e+02, 1.35180774e+03],
       [1.86635135e+02, 5.68326160e-02, 1.18684786e+03, 1.03334966e+01,
        5.11446151e+00, 1.52111188e+01, 1.96610303e+01, 2.72822797e+00,
        2.25313899e+00, 4.83616701e+00],
       [2.58725554e+02, 7.24448966e-02, 1.60076791e+03, 5.11446151e+00,
        1.01069848e+02, 2.50905157e+01, 1.93434801e+01, 8.61411743e+00,
        3.01243243e+00, 4.47298914e+00],
       [2.25320724e+02, 8.45335805e-02, 1.42805412e+03, 1.52111188e+01,
        2.50905157e+01, 1.06799322e+02, 4.36967013e+01, 6.93426529e+00,
        1.08506428e+01, 1.29919624e+01],
       [5.96048022e+02, 4.31220640e-01, 5.15753879e+03, 1.96610303e+01,
        1.93434801e+01, 4.36967013e+01, 1.38803371e+03, 4.67351672e+01,
        4.44812385e+01, 1.53416318e+01],
       [1.63358558e+02, 1.49686952e-01, 1.33023331e+03, 2.72822797e+00,
        8.61411743e+00, 6.93426529e+00, 4.67351672e+01, 6.99629964e+02,
        8.55618432e+00, 1.20339002e+01],
       [6.94348803e+01, 4.30373287e-02, 6.27425777e+02, 2.25313899e+00,
        3.01243243e+00, 1.08506428e+01, 4.44812385e+01, 8.55618432e+00,
        7.73871928e+00, 8.11861449e+00],
       [1.83449557e+02, 7.50232235e-02, 1.35180774e+03, 4.83616701e+00,
        4.47298914e+00, 1.29919624e+01, 1.53416318e+01, 1.20339002e+01,
        8.11861449e+00, 1.99344758e+01]]), array([[9.78286668e+05, 7.78369469e+01, 6.33115861e+03, 1.84656340e+02,
        3.26089139e+02, 5.42236540e+02, 1.19439763e+05, 1.03092209e+05,
        6.98549617e+05, 2.13127256e+06],
       [7.78369469e+01, 2.04261542e-02, 1.06377645e+00, 2.68270437e-02,
        5.27899456e-02, 6.94792247e-02, 1.92382981e+02, 1.74855160e+02,
        7.27928837e+01, 2.55824069e+02],
       [6.33115861e+03, 1.06377645e+00, 1.35421781e+05, 5.15243772e+02,
        4.94138083e+02, 7.23922956e+02, 5.00062564e+03, 5.02160093e+03,
        8.64199949e+04, 2.77429152e+05],
       [1.84656340e+02, 2.68270437e-02, 5.15243772e+02, 5.59909542e+00,
        2.32161185e+00, 7.40316781e+00, 1.25572801e+02, 9.42652692e+01,
        6.39377590e+02, 2.58371157e+03],
       [3.26089139e+02, 5.27899456e-02, 4.94138083e+02, 2.32161185e+00,
        1.85222593e+01, 1.09550270e+01, 1.70523759e+02, 1.72268513e+02,
        9.58421882e+02, 3.52648980e+03],
       [5.42236540e+02, 6.94792247e-02, 7.23922956e+02, 7.40316781e+00,
        1.09550270e+01, 4.68640122e+01, 2.75793503e+02, 2.64348950e+02,
        1.51169518e+03, 5.38067215e+03],
       [1.19439763e+05, 1.92382981e+02, 5.00062564e+03, 1.25572801e+02,
        1.70523759e+02, 2.75793503e+02, 3.43658043e+07, 2.92868229e+06,
        1.19061497e+05, 3.78839234e+06],
       [1.03092209e+05, 1.74855160e+02, 5.02160093e+03, 9.42652692e+01,
        1.72268513e+02, 2.64348950e+02, 2.92868229e+06, 5.39105559e+07,
        1.09116097e+05, 7.30345562e+05],
       [6.98549617e+05, 7.27928837e+01, 8.64199949e+04, 6.39377590e+02,
        9.58421882e+02, 1.51169518e+03, 1.19061497e+05, 1.09116097e+05,
        9.55449950e+05, 2.15662239e+06],
       [2.13127256e+06, 2.55824069e+02, 2.77429152e+05, 2.58371157e+03,
        3.52648980e+03, 5.38067215e+03, 3.78839234e+06, 7.30345562e+05,
        2.15662239e+06, 1.63902775e+07]]), array([[1.00241544e+06, 8.19185765e+01, 2.97212496e-32, 2.46730737e-32,
        3.72698688e-32, 1.04746810e-32, 1.23284674e+05, 1.07812637e+05,
        7.22913479e+05, 2.20465090e+06],
       [8.19185765e+01, 2.21069332e-02, 1.40624831e-36, 1.38936991e-36,
        3.25386742e-36, 4.54817896e-37, 1.98888355e+02, 1.82211539e+02,
        7.83731836e+01, 2.71933355e+02],
       [2.97212496e-32, 1.40624831e-36, 4.10483657e-68, 5.02015814e-69,
        9.67566676e-69, 3.56130557e-69, 2.17535247e-34, 7.77616342e-35,
        2.36553836e-32, 9.11863187e-32],
       [2.46730737e-32, 1.38936991e-36, 5.02015814e-69, 4.48515786e-68,
        6.22158917e-68, 2.27043953e-69, 6.83169561e-35, 3.71746008e-36,
        2.21112874e-32, 5.40862921e-32],
       [3.72698688e-32, 3.25386742e-36, 9.67566676e-69, 6.22158917e-68,
        1.89291246e-67, 2.69929193e-69, 5.40553631e-34, 4.59226825e-35,
        4.04571450e-32, 1.32211713e-31],
       [1.04746810e-32, 4.54817896e-37, 3.56130557e-69, 2.27043953e-69,
        2.69929193e-69, 6.55619936e-69, 2.44646167e-35, 3.73267751e-36,
        1.03643072e-32, 2.52026577e-32],
       [1.23284674e+05, 1.98888355e+02, 2.17535247e-34, 6.83169561e-35,
        5.40553631e-34, 2.44646167e-35, 3.48513642e+07, 2.98861366e+06,
        1.19005943e+05, 3.80799996e+06],
       [1.07812637e+05, 1.82211539e+02, 7.77616342e-35, 3.71746008e-36,
        4.59226825e-35, 3.73267751e-36, 2.98861366e+06, 5.49402359e+07,
        1.09592377e+05, 7.38406397e+05],
       [7.22913479e+05, 7.83731836e+01, 2.36553836e-32, 2.21112874e-32,
        4.04571450e-32, 1.03643072e-32, 1.19005943e+05, 1.09592377e+05,
        9.38470657e+05, 2.13327047e+06],
       [2.20465090e+06, 2.71933355e+02, 9.11863187e-32, 5.40862921e-32,
        1.32211713e-31, 2.52026577e-32, 3.80799996e+06, 7.38406397e+05,
        2.13327047e+06, 1.66196701e+07]])]

 max variance
[381757.3171186426, 53910555.89476559, 54940235.93395157]

 cost matrix
[array([[ 1.09226779e+01, -1.93965291e-01, -2.73566482e+01,
         1.85338636e+00,  2.14490071e+00, -2.07409810e+00,
         2.92891073e+00,  7.59743559e-01, -5.84799128e-01,
        -8.40429533e-02],
       [-1.93965291e-01,  3.75818240e-03,  4.98819094e-01,
        -3.16843392e-02, -3.63304539e-02,  3.62662154e-02,
        -6.96307882e-02, -1.84360891e-02,  1.49760172e-02,
         4.31334231e-03],
       [-2.73566482e+01,  4.98819094e-01,  6.94573447e+01,
        -4.43784787e+00, -5.11773142e+00,  4.81872947e+00,
        -8.08478697e+00, -2.07743369e+00,  1.69018398e+00,
         3.77355873e-01],
       [ 1.85338636e+00, -3.16843392e-02, -4.43784787e+00,
         5.59716796e-01,  4.97791386e-01, -6.68666162e-01,
         6.21609606e-01,  1.47176847e-01, -1.23140562e-01,
        -2.66443615e-02],
       [ 2.14490071e+00, -3.63304539e-02, -5.11773142e+00,
         4.97791386e-01,  9.21295328e-01, -7.99182629e-01,
         6.95008765e-01,  1.98028332e-01, -1.49435137e-01,
        -3.98518719e-02],
       [-2.07409810e+00,  3.62662154e-02,  4.81872947e+00,
        -6.68666162e-01, -7.99182629e-01,  1.27546139e+00,
        -8.25317149e-01, -2.06536220e-01,  1.92481628e-01,
         7.17095277e-02],
       [ 2.92891073e+00, -6.96307882e-02, -8.08478697e+00,
         6.21609606e-01,  6.95008765e-01, -8.25317149e-01,
         2.94601209e+00,  3.77180484e-01, -5.46986621e-01,
        -9.75329416e-02],
       [ 7.59743559e-01, -1.84360891e-02, -2.07743369e+00,
         1.47176847e-01,  1.98028332e-01, -2.06536220e-01,
         3.77180484e-01,  6.70286391e-01, -1.24976027e-01,
        -1.07652765e-01],
       [-5.84799128e-01,  1.49760172e-02,  1.69018398e+00,
        -1.23140562e-01, -1.49435137e-01,  1.92481628e-01,
        -5.46986621e-01, -1.24976027e-01,  1.59205104e-01,
         1.06317255e-01],
       [-8.40429533e-02,  4.31334231e-03,  3.77355873e-01,
        -2.66443615e-02, -3.98518719e-02,  7.17095277e-02,
        -9.75329416e-02, -1.07652765e-01,  1.06317255e-01,
         2.14625952e-01]]), array([[ 6.36602231e+02, -6.11411582e+00,  1.82136452e+01,
        -6.40429511e+00, -7.69858936e+00,  7.80888553e+00,
         1.80093669e+02,  8.83147980e+01,  5.95908394e+02,
         1.31193478e+03],
       [-6.11411582e+00,  9.95372667e-02, -2.26759152e-01,
         7.41091083e-02,  9.13281415e-02, -8.95333918e-02,
        -8.43469851e+00, -3.80530786e+00, -6.06106726e+00,
        -1.51364213e+01],
       [ 1.82136452e+01, -2.26759152e-01,  3.09340429e+01,
        -2.28403540e+00, -2.52905291e+00,  2.61937436e+00,
         9.80865514e+00,  5.54612841e+00,  4.02838136e+01,
         8.83581908e+01],
       [-6.40429511e+00,  7.41091083e-02, -2.28403540e+00,
         3.42398557e-01,  2.97142696e-01, -4.16295436e-01,
        -4.03949122e+00, -1.89712782e+00, -8.41557687e+00,
        -2.06167373e+01],
       [-7.69858936e+00,  9.13281415e-02, -2.52905291e+00,
         2.97142696e-01,  5.02220859e-01, -4.80392533e-01,
        -4.95361388e+00, -2.39601414e+00, -1.00221421e+01,
        -2.43502967e+01],
       [ 7.80888553e+00, -8.95333918e-02,  2.61937436e+00,
        -4.16295436e-01, -4.80392533e-01,  7.88753584e-01,
         4.77637482e+00,  2.31952102e+00,  1.01816679e+01,
         2.44639739e+01],
       [ 1.80093669e+02, -8.43469851e+00,  9.80865514e+00,
        -4.03949122e+00, -4.95361388e+00,  4.77637482e+00,
         3.59867153e+03,  5.62499659e+02,  1.81317459e+02,
         1.52400173e+03],
       [ 8.83147980e+01, -3.80530786e+00,  5.54612841e+00,
        -1.89712782e+00, -2.39601414e+00,  2.31952102e+00,
         5.62499659e+02,  1.41268820e+03,  9.07902012e+01,
         3.27113962e+02],
       [ 5.95908394e+02, -6.06106726e+00,  4.02838136e+01,
        -8.41557687e+00, -1.00221421e+01,  1.01816679e+01,
         1.81317459e+02,  9.07902012e+01,  6.38799030e+02,
         1.33028020e+03],
       [ 1.31193478e+03, -1.51364213e+01,  8.83581908e+01,
        -2.06167373e+01, -2.43502967e+01,  2.44639739e+01,
         1.52400173e+03,  3.27113962e+02,  1.33028020e+03,
         4.28121982e+03]]), array([[ 6.58085189e+02, -6.39039511e+00,  3.13280491e-18,
        -3.34419670e-18, -3.76820522e-18,  4.60517801e-19,
         1.88093368e+02,  9.22764755e+01,  6.10499962e+02,
         1.34893139e+03],
       [-6.39039511e+00,  1.04593178e-01, -9.39903841e-21,
         1.88742756e-20,  3.26453907e-20,  2.77134885e-21,
        -8.65223461e+00, -3.91805786e+00, -6.26640185e+00,
        -1.56360989e+01],
       [ 3.13280491e-18, -9.39903841e-21,  1.24935875e-35,
        -2.32505209e-36, -3.24942568e-36,  2.10496704e-36,
        -2.76278172e-19, -2.05203915e-20,  1.87618130e-18,
         5.63749545e-18],
       [-3.34419670e-18,  1.88742756e-20, -2.32505209e-36,
         7.74811839e-36,  4.13182141e-36, -6.78713586e-37,
        -1.77595698e-20, -4.86530550e-20, -2.63490025e-18,
        -4.86288527e-18],
       [-3.76820522e-18,  3.26453907e-20, -3.24942568e-36,
         4.13182141e-36,  1.54138772e-35, -1.54035969e-36,
        -1.94902202e-19,  9.82317019e-21, -4.05026322e-18,
        -7.08679166e-18],
       [ 4.60517801e-19,  2.77134885e-21,  2.10496704e-36,
        -6.78713586e-37, -1.54035969e-36,  4.23277499e-36,
        -1.60360431e-20, -2.68037331e-20,  1.19781438e-19,
        -5.05224381e-19],
       [ 1.88093368e+02, -8.65223461e+00, -2.76278172e-19,
        -1.77595698e-20, -1.94902202e-19, -1.60360431e-20,
         3.63071068e+03,  5.69274168e+02,  1.84822012e+02,
         1.54687229e+03],
       [ 9.22764755e+01, -3.91805786e+00, -2.05203915e-20,
        -4.86530550e-20,  9.82317019e-21, -2.68037331e-20,
         5.69274168e+02,  1.43184281e+03,  9.22830965e+01,
         3.33514775e+02],
       [ 6.10499962e+02, -6.26640185e+00,  1.87618130e-18,
        -2.63490025e-18, -4.05026322e-18,  1.19781438e-19,
         1.84822012e+02,  9.22830965e+01,  6.32935418e+02,
         1.32313489e+03],
       [ 1.34893139e+03, -1.56360989e+01,  5.63749545e-18,
        -4.86288527e-18, -7.08679166e-18, -5.05224381e-19,
         1.54687229e+03,  3.33514775e+02,  1.32313489e+03,
         4.28914045e+03]])]
