solve time: 90.02730011940002

 number of functions evaluations
[1000.0, 1000.0, 1000.0]

 variance
[array([[6.88152225e+03, 2.25122805e+00, 4.43109283e+04, 1.68392426e+02,
        5.25195568e+02, 3.02978957e+02, 7.19513223e+02, 5.56218024e+01,
        6.81824167e+01, 2.59272648e+02],
       [2.25122805e+00, 8.66426475e-04, 1.53049873e+01, 5.75844397e-02,
        1.28456399e-01, 9.22872502e-02, 3.96937928e-01, 1.34730759e-01,
        4.26655678e-02, 8.83999802e-02],
       [4.43109283e+04, 1.53049873e+01, 2.90960031e+05, 1.09955098e+03,
        3.13647328e+03, 1.87488332e+03, 5.71021596e+03, 1.08479130e+03,
        5.86539616e+02, 1.70824328e+03],
       [1.68392426e+02, 5.75844397e-02, 1.09955098e+03, 1.35627327e+01,
        9.73049666e+00, 1.42297711e+01, 2.83102856e+01, 4.50181926e+01,
        2.72995339e+00, 6.61664700e+00],
       [5.25195568e+02, 1.28456399e-01, 3.13647328e+03, 9.73049666e+00,
        1.29331470e+02, 5.48794852e+01, 2.55469285e+01, 4.12283529e+01,
        3.69972583e+00, 9.91425113e+00],
       [3.02978957e+02, 9.22872502e-02, 1.87488332e+03, 1.42297711e+01,
        5.48794852e+01, 5.84698810e+01, 5.01188896e+01, 2.81586370e+02,
        8.67597324e+00, 1.57970439e+01],
       [7.19513223e+02, 3.96937928e-01, 5.71021596e+03, 2.83102856e+01,
        2.55469285e+01, 5.01188896e+01, 6.00712873e+02, 6.40877467e+01,
        5.37333016e+01, 3.80998663e+01],
       [5.56218024e+01, 1.34730759e-01, 1.08479130e+03, 4.50181926e+01,
        4.12283529e+01, 2.81586370e+02, 6.40877467e+01, 2.33359636e+04,
        9.87020732e+01, 5.27925711e+02],
       [6.81824167e+01, 4.26655678e-02, 5.86539616e+02, 2.72995339e+00,
        3.69972583e+00, 8.67597324e+00, 5.37333016e+01, 9.87020732e+01,
        9.24732169e+00, 5.04918878e+00],
       [2.59272648e+02, 8.83999802e-02, 1.70824328e+03, 6.61664700e+00,
        9.91425113e+00, 1.57970439e+01, 3.80998663e+01, 5.27925711e+02,
        5.04918878e+00, 4.17082954e+01]]), array([[9.84110783e+05, 7.28634077e+01, 7.78231280e+03, 1.30676406e+02,
        2.97883051e+02, 3.20900405e+02, 1.18408289e+05, 1.11702975e+05,
        6.89973846e+05, 2.24147828e+06],
       [7.28634077e+01, 2.00638287e-02, 1.04588759e+00, 1.87112938e-02,
        2.79330866e-02, 5.15052911e-02, 1.76835686e+02, 1.58722286e+02,
        6.96480150e+01, 2.51916651e+02],
       [7.78231280e+03, 1.04588759e+00, 7.83270254e+04, 3.21453821e+02,
        9.66650491e+02, 7.58537197e+02, 1.80786801e+03, 6.00587232e+03,
        6.83656563e+04, 2.83962613e+05],
       [1.30676406e+02, 1.87112938e-02, 3.21453821e+02, 2.29420204e+00,
        3.55191243e+00, 4.87643380e+00, 1.03734348e+02, 2.65693013e+02,
        4.31471856e+02, 2.20437074e+03],
       [2.97883051e+02, 2.79330866e-02, 9.66650491e+02, 3.55191243e+00,
        5.26166752e+01, 2.46705359e+01, 7.53240871e+01, 2.83077772e+02,
        1.41345876e+03, 5.39111933e+03],
       [3.20900405e+02, 5.15052911e-02, 7.58537197e+02, 4.87643380e+00,
        2.46705359e+01, 2.52944281e+01, 1.80573360e+02, 1.01469587e+03,
        1.29136441e+03, 4.60757288e+03],
       [1.18408289e+05, 1.76835686e+02, 1.80786801e+03, 1.03734348e+02,
        7.53240871e+01, 1.80573360e+02, 3.37167283e+07, 1.78378406e+06,
        1.13424186e+05, 3.58357834e+06],
       [1.11702975e+05, 1.58722286e+02, 6.00587232e+03, 2.65693013e+02,
        2.83077772e+02, 1.01469587e+03, 1.78378406e+06, 4.87422039e+07,
        1.09871229e+05, 6.72849657e+05],
       [6.89973846e+05, 6.96480150e+01, 6.83656563e+04, 4.31471856e+02,
        1.41345876e+03, 1.29136441e+03, 1.13424186e+05, 1.09871229e+05,
        8.43427071e+05, 2.17531705e+06],
       [2.24147828e+06, 2.51916651e+02, 2.83962613e+05, 2.20437074e+03,
        5.39111933e+03, 4.60757288e+03, 3.58357834e+06, 6.72849657e+05,
        2.17531705e+06, 1.90488642e+07]]), array([[1.00384711e+06, 7.59362655e+01, 1.52606931e-32, 2.94597747e-32,
        1.40332221e-32, 9.21298419e-33, 1.21604824e+05, 1.18400062e+05,
        7.09801709e+05, 2.33297120e+06],
       [7.59362655e+01, 2.12992100e-02, 1.34023079e-36, 1.37748685e-36,
        5.87787502e-37, 1.84507403e-37, 1.81541522e+02, 1.70010687e+02,
        7.36527634e+01, 2.70207833e+02],
       [1.52606931e-32, 1.34023079e-36, 5.36397957e-69, 1.52741144e-69,
        5.01560432e-70, 1.87345312e-70, 8.98421020e-35, 3.33471201e-35,
        1.77344601e-32, 7.32473552e-32],
       [2.94597747e-32, 1.37748685e-36, 1.52741144e-69, 3.03168163e-68,
        4.91688198e-69, 9.18368837e-70, 4.96838968e-35, 1.21987361e-36,
        1.88533886e-32, 7.62196599e-32],
       [1.40332221e-32, 5.87787502e-37, 5.01560432e-70, 4.91688198e-69,
        3.19123942e-69, 1.27731484e-70, 4.02733554e-34, 3.75149579e-36,
        6.70587713e-33, 2.98812488e-32],
       [9.21298419e-33, 1.84507403e-37, 1.87345312e-70, 9.18368837e-70,
        1.27731484e-70, 1.01565842e-68, 1.17828176e-35, 1.26580496e-36,
        5.24405435e-33, 2.44613763e-32],
       [1.21604824e+05, 1.81541522e+02, 8.98421020e-35, 4.96838968e-35,
        4.02733554e-34, 1.17828176e-35, 3.41265246e+07, 1.81437582e+06,
        1.15377353e+05, 3.60726326e+06],
       [1.18400062e+05, 1.70010687e+02, 3.33471201e-35, 1.21987361e-36,
        3.75149579e-36, 1.26580496e-36, 1.81437582e+06, 5.11871101e+07,
        1.07709672e+05, 6.70776682e+05],
       [7.09801709e+05, 7.36527634e+01, 1.77344601e-32, 1.88533886e-32,
        6.70587713e-33, 5.24405435e-33, 1.15377353e+05, 1.07709672e+05,
        8.21222087e+05, 2.14862074e+06],
       [2.33297120e+06, 2.70207833e+02, 7.32473552e-32, 7.62196599e-32,
        2.98812488e-32, 2.44613763e-32, 3.60726326e+06, 6.70776682e+05,
        2.14862074e+06, 1.92582122e+07]])]

 max variance
[290960.030601298, 48742203.91356891, 51187110.07224757]

 cost matrix
[array([[ 1.17037070e+01, -2.05239177e-01, -2.91799009e+01,
         1.93273555e+00,  3.04419084e+00, -2.51309854e+00,
         3.33461286e+00,  7.07552466e-01, -8.00192115e-01,
        -1.38147739e-01],
       [-2.05239177e-01,  3.84986128e-03,  5.23488251e-01,
        -3.39429059e-02, -4.99541061e-02,  4.37133152e-02,
        -7.26514150e-02, -2.34802914e-02,  1.86605781e-02,
         7.82026589e-03],
       [-2.91799009e+01,  5.23488251e-01,  7.35228020e+01,
        -4.71869338e+00, -7.36299653e+00,  6.08405591e+00,
        -8.96951250e+00, -2.44639188e+00,  2.23791606e+00,
         6.25077997e-01],
       [ 1.93273555e+00, -3.39429059e-02, -4.71869338e+00,
         5.60269109e-01,  5.79204580e-01, -6.80962661e-01,
         6.93139945e-01,  3.29463013e-01, -1.71895512e-01,
        -1.01474737e-01],
       [ 3.04419084e+00, -4.99541061e-02, -7.36299653e+00,
         5.79204580e-01,  1.24633233e+00, -9.56174766e-01,
         7.84911677e-01,  3.58848818e-01, -2.09949798e-01,
        -8.65035185e-02],
       [-2.51309854e+00,  4.37133152e-02,  6.08405591e+00,
        -6.80962661e-01, -9.56174766e-01,  1.18202723e+00,
        -8.88051410e-01, -7.09522202e-01,  2.61863779e-01,
         1.38975626e-01],
       [ 3.33461286e+00, -7.26514150e-02, -8.96951250e+00,
         6.93139945e-01,  7.84911677e-01, -8.88051410e-01,
         2.40133143e+00,  4.94615099e-01, -5.82981476e-01,
        -2.41214785e-01],
       [ 7.07552466e-01, -2.34802914e-02, -2.44639188e+00,
         3.29463013e-01,  3.58848818e-01, -7.09522202e-01,
         4.94615099e-01,  4.97161970e+00, -3.93109572e-01,
        -7.68680540e-01],
       [-8.00192115e-01,  1.86605781e-02,  2.23791606e+00,
        -1.71895512e-01, -2.09949798e-01,  2.61863779e-01,
        -5.82981476e-01, -3.93109572e-01,  1.95410154e-01,
         1.55703770e-01],
       [-1.38147739e-01,  7.82026589e-03,  6.25077997e-01,
        -1.01474737e-01, -8.65035185e-02,  1.38975626e-01,
        -2.41214785e-01, -7.68680540e-01,  1.55703770e-01,
         4.63356341e-01]]), array([[ 6.66706657e+02, -6.31069525e+00,  1.84229091e+01,
        -6.03198404e+00, -7.51464433e+00,  6.80997817e+00,
         1.79216669e+02,  9.71868892e+01,  6.14271714e+02,
         1.37060508e+03],
       [-6.31069525e+00,  1.00537823e-01, -2.13763125e-01,
         6.92531511e-02,  8.18472360e-02, -7.86519069e-02,
        -7.98470731e+00, -3.66600303e+00, -6.16335438e+00,
        -1.54942579e+01],
       [ 1.84229091e+01, -2.13763125e-01,  2.71753026e+01,
        -2.01358097e+00, -3.21977722e+00,  2.92750899e+00,
         6.15263418e+00,  7.99105960e+00,  3.68431275e+01,
         8.87954098e+01],
       [-6.03198404e+00,  6.92531511e-02, -2.01358097e+00,
         2.75830395e-01,  3.07295876e-01, -3.62469452e-01,
        -3.72127295e+00, -2.46734158e+00, -7.47727096e+00,
        -1.96836678e+01],
       [-7.51464433e+00,  8.18472360e-02, -3.21977722e+00,
         3.07295876e-01,  6.69242912e-01, -5.47650338e-01,
        -3.76452750e+00, -2.91495378e+00, -9.97775406e+00,
        -2.44748363e+01],
       [ 6.80997817e+00, -7.86519069e-02,  2.92750899e+00,
        -3.62469452e-01, -5.47650338e-01,  6.72433749e-01,
         4.05392563e+00,  3.75019168e+00,  9.07693357e+00,
         2.23351552e+01],
       [ 1.79216669e+02, -7.98470731e+00,  6.15263418e+00,
        -3.72127295e+00, -3.76452750e+00,  4.05392563e+00,
         3.43008876e+03,  4.55705686e+02,  1.75792481e+02,
         1.47527868e+03],
       [ 9.71868892e+01, -3.66600303e+00,  7.99105960e+00,
        -2.46734158e+00, -2.91495378e+00,  3.75019168e+00,
         4.55705686e+02,  1.21198475e+03,  9.65560342e+01,
         3.15647842e+02],
       [ 6.14271714e+02, -6.16335438e+00,  3.68431275e+01,
        -7.47727096e+00, -9.97775406e+00,  9.07693357e+00,
         1.75792481e+02,  9.65560342e+01,  6.35717126e+02,
         1.35780318e+03],
       [ 1.37060508e+03, -1.54942579e+01,  8.87954098e+01,
        -1.96836678e+01, -2.44748363e+01,  2.23351552e+01,
         1.47527868e+03,  3.15647842e+02,  1.35780318e+03,
         4.46096000e+03]]), array([[ 6.87964126e+02, -6.57004605e+00, -1.53391413e-18,
         9.25391622e-19,  5.05319270e-18, -1.10140323e-19,
         1.86465221e+02,  1.01593784e+02,  6.27701289e+02,
         1.40864919e+03],
       [-6.57004605e+00,  1.04962840e-01,  1.60034725e-20,
         7.78422802e-21, -2.56736005e-20,  3.32954920e-23,
        -8.16409423e+00, -3.79211290e+00, -6.34379508e+00,
        -1.59882440e+01],
       [-1.53391413e-18,  1.60034725e-20,  8.12593206e-36,
        -2.79317277e-36, -7.64925853e-37,  5.92073756e-37,
        -2.17931402e-19,  1.37609437e-19, -3.27107821e-18,
        -2.63460452e-18],
       [ 9.25391622e-19,  7.78422802e-21, -2.79317277e-36,
         9.45324805e-36,  3.12625064e-36, -1.74715230e-36,
        -1.59769240e-19,  8.30085647e-21, -6.03119984e-19,
        -6.19485500e-19],
       [ 5.05319270e-18, -2.56736005e-20, -7.64925853e-37,
         3.12625064e-36,  4.50720086e-36, -7.66763029e-37,
         3.00672335e-19,  1.33452904e-20,  2.86539841e-18,
         8.85639902e-18],
       [-1.10140323e-19,  3.32954920e-23,  5.92073756e-37,
        -1.74715230e-36, -7.66763029e-37,  4.23623921e-36,
         1.52878504e-19, -4.80182580e-20, -5.20810636e-19,
        -1.50652410e-18],
       [ 1.86465221e+02, -8.16409423e+00, -2.17931402e-19,
        -1.59769240e-19,  3.00672335e-19,  1.52878504e-19,
         3.45670239e+03,  4.61188097e+02,  1.80467880e+02,
         1.49798261e+03],
       [ 1.01593784e+02, -3.79211290e+00,  1.37609437e-19,
         8.30085647e-21,  1.33452904e-20, -4.80182580e-20,
         4.61188097e+02,  1.23958262e+03,  9.69957798e+01,
         3.19577740e+02],
       [ 6.27701289e+02, -6.34379508e+00, -3.27107821e-18,
        -6.03119984e-19,  2.86539841e-18, -5.20810636e-19,
         1.80467880e+02,  9.69957798e+01,  6.30034504e+02,
         1.35176626e+03],
       [ 1.40864919e+03, -1.59882440e+01, -2.63460452e-18,
        -6.19485500e-19,  8.85639902e-18, -1.50652410e-18,
         1.49798261e+03,  3.19577740e+02,  1.35176626e+03,
         4.47231564e+03]])]
