solve time: 10.49980354309082

 number of functions evaluations
[100.0, 100.0, 100.0]

 variance
[array([[1.54533138e+04, 9.43661473e+00, 1.28506701e+05, 3.07981801e+02,
        4.11655052e+02, 4.13280982e+02, 2.58117651e+03, 2.56373032e+03,
        5.63734827e+02, 8.01259073e+02],
       [9.43661473e+00, 5.81207280e-03, 7.90231616e+01, 1.89321608e-01,
        2.38502286e-01, 2.56059662e-01, 1.56843321e+00, 1.61134356e+00,
        3.46715497e-01, 5.04488082e-01],
       [1.28506701e+05, 7.90231616e+01, 1.07487320e+06, 2.57324350e+03,
        3.25915956e+03, 3.44248824e+03, 2.15684968e+04, 2.15660990e+04,
        4.71847167e+03, 6.86801838e+03],
       [3.07981801e+02, 1.89321608e-01, 2.57324350e+03, 8.84026810e+00,
        7.74421889e+00, 9.45120586e+00, 4.47330980e+01, 6.00736068e+01,
        1.09647213e+01, 1.57818715e+01],
       [4.11655052e+02, 2.38502286e-01, 3.25915956e+03, 7.74421889e+00,
        1.80712284e+01, 1.45831198e+01, 4.92847226e+01, 8.80034960e+01,
        1.42860728e+01, 1.23489599e+01],
       [4.13280982e+02, 2.56059662e-01, 3.44248824e+03, 9.45120586e+00,
        1.45831198e+01, 1.95108515e+01, 2.58163302e+01, 1.30914946e+02,
        1.44405870e+01, 1.44293083e+01],
       [2.58117651e+03, 1.56843321e+00, 2.15684968e+04, 4.47330980e+01,
        4.92847226e+01, 2.58163302e+01, 7.01735205e+02, 8.22198331e+01,
        1.00642232e+02, 1.75460540e+02],
       [2.56373032e+03, 1.61134356e+00, 2.15660990e+04, 6.00736068e+01,
        8.80034960e+01, 1.30914946e+02, 8.22198331e+01, 9.10162737e+02,
        8.84973799e+01, 8.64474861e+01],
       [5.63734827e+02, 3.46715497e-01, 4.71847167e+03, 1.09647213e+01,
        1.42860728e+01, 1.44405870e+01, 1.00642232e+02, 8.84973799e+01,
        2.09643065e+01, 3.07265167e+01],
       [8.01259073e+02, 5.04488082e-01, 6.86801838e+03, 1.57818715e+01,
        1.23489599e+01, 1.44293083e+01, 1.75460540e+02, 8.64474861e+01,
        3.07265167e+01, 5.46378132e+01]]), array([[1.07582821e+06, 8.76368609e+01, 5.58985788e+03, 3.33508829e+02,
        1.00772082e+02, 1.69819839e+02, 1.02554862e+05, 1.59685581e+05,
        8.02310736e+05, 2.26892886e+06],
       [8.76368609e+01, 2.48052421e-02, 8.06611303e-01, 4.62604738e-02,
        1.39902971e-02, 1.94977368e-02, 1.45619691e+02, 3.27012297e+02,
        1.01268491e+02, 3.45081828e+02],
       [5.58985788e+03, 8.06611303e-01, 3.42461091e+05, 7.69898746e+02,
        3.23005347e+02, 1.87423835e+02, 1.58752737e+03, 2.20756668e+04,
        1.47513795e+05, 8.03672698e+05],
       [3.33508829e+02, 4.62604738e-02, 7.69898746e+02, 3.47432416e+00,
        8.36967672e-01, 7.27653842e-01, 3.12316624e+01, 2.90462646e+02,
        1.27836207e+03, 3.10329131e+03],
       [1.00772082e+02, 1.39902971e-02, 3.23005347e+02, 8.36967672e-01,
        2.07380961e+00, 8.15889730e-01, 4.62453503e+01, 3.73669924e+02,
        4.56242957e+02, 1.61438592e+03],
       [1.69819839e+02, 1.94977368e-02, 1.87423835e+02, 7.27653842e-01,
        8.15889730e-01, 9.10488991e-01, 4.62975452e+01, 2.99235151e+02,
        3.80492981e+02, 1.09543327e+03],
       [1.02554862e+05, 1.45619691e+02, 1.58752737e+03, 3.12316624e+01,
        4.62453503e+01, 4.62975452e+01, 2.03431328e+07, 2.24259423e+06,
        1.79488688e+05, 3.47256731e+06],
       [1.59685581e+05, 3.27012297e+02, 2.20756668e+04, 2.90462646e+02,
        3.73669924e+02, 2.99235151e+02, 2.24259423e+06, 1.43833431e+08,
        1.35695075e+05, 7.17852303e+05],
       [8.02310736e+05, 1.01268491e+02, 1.47513795e+05, 1.27836207e+03,
        4.56242957e+02, 3.80492981e+02, 1.79488688e+05, 1.35695075e+05,
        1.29881879e+06, 2.61716812e+06],
       [2.26892886e+06, 3.45081828e+02, 8.03672698e+05, 3.10329131e+03,
        1.61438592e+03, 1.09543327e+03, 3.47256731e+06, 7.17852303e+05,
        2.61716812e+06, 1.79635544e+07]]), array([[1.09720066e+06, 9.28973100e+01, 6.85228448e-33, 2.01371368e-32,
        2.24736162e-32, 3.81152363e-32, 1.04157474e+05, 1.74162183e+05,
        8.31168322e+05, 2.40292519e+06],
       [9.28973100e+01, 2.64504571e-02, 5.43302237e-37, 3.16854878e-36,
        2.67315822e-36, 6.36285714e-36, 1.47987940e+02, 3.45992080e+02,
        1.10714825e+02, 3.84906839e+02],
       [6.85228448e-33, 5.43302237e-37, 3.94497988e-70, 3.43879401e-70,
        1.65954255e-70, 5.95605922e-70, 1.29526330e-35, 5.89361558e-35,
        1.15437275e-32, 2.15550539e-32],
       [2.01371368e-32, 3.16854878e-36, 3.43879401e-70, 3.17297938e-69,
        1.39303521e-69, 6.44696361e-69, 6.99527182e-35, 3.45877984e-36,
        2.51936736e-32, 4.78639311e-32],
       [2.24736162e-32, 2.67315822e-36, 1.65954255e-70, 1.39303521e-69,
        1.15077398e-68, 2.81038425e-69, 2.06386198e-33, 1.56426892e-35,
        1.86540339e-32, 1.67849426e-31],
       [3.81152363e-32, 6.36285714e-36, 5.95605922e-70, 6.44696361e-69,
        2.81038425e-69, 1.31465897e-68, 4.24719344e-35, 5.34901280e-36,
        4.85890068e-32, 9.19667452e-32],
       [1.04157474e+05, 1.47987940e+02, 1.29526330e-35, 6.99527182e-35,
        2.06386198e-33, 4.24719344e-35, 2.05492441e+07, 2.28308860e+06,
        1.79448656e+05, 3.46138574e+06],
       [1.74162183e+05, 3.45992080e+02, 5.89361558e-35, 3.45877984e-36,
        1.56426892e-35, 5.34901280e-36, 2.28308860e+06, 1.45152036e+08,
        1.29691091e+05, 7.11391069e+05],
       [8.31168322e+05, 1.10714825e+02, 1.15437275e-32, 2.51936736e-32,
        1.86540339e-32, 4.85890068e-32, 1.79448656e+05, 1.29691091e+05,
        1.29363009e+06, 2.65653457e+06],
       [2.40292519e+06, 3.84906839e+02, 2.15550539e-32, 4.78639311e-32,
        1.67849426e-31, 9.19667452e-32, 3.46138574e+06, 7.11391069e+05,
        2.65653457e+06, 1.83493319e+07]])]

 max variance
[1074873.201186783, 143833430.6735798, 145152035.93560052]

 cost matrix
[array([[ 2.29103369e+01, -5.48639866e-01, -6.45740613e+01,
         3.44462108e+00,  3.76969565e+00, -3.32661146e+00,
         8.56971451e+00,  5.45105175e+00, -4.14291879e+00,
        -4.46764881e+00],
       [-5.48639866e-01,  1.32772221e-02,  1.55739295e+00,
        -7.92939253e-02, -8.70686347e-02,  7.82795791e-02,
        -2.07606455e-01, -1.34632802e-01,  1.01252898e-01,
         1.10536620e-01],
       [-6.45740613e+01,  1.55739295e+00,  1.82950064e+02,
        -9.48019909e+00, -1.02969823e+01,  9.20615886e+00,
        -2.43116908e+01, -1.56345769e+01,  1.18306442e+01,
         1.29164606e+01],
       [ 3.44462108e+00, -7.92939253e-02, -9.48019909e+00,
         8.13240891e-01,  6.65870223e-01, -6.64047124e-01,
         1.23263657e+00,  8.67556689e-01, -5.84035162e-01,
        -6.19988455e-01],
       [ 3.76969565e+00, -8.70686347e-02, -1.02969823e+01,
         6.65870223e-01,  9.21658938e-01, -7.66901879e-01,
         1.36880483e+00,  1.01993556e+00, -6.70274256e-01,
        -5.92216068e-01],
       [-3.32661146e+00,  7.82795791e-02,  9.20615886e+00,
        -6.64047124e-01, -7.66901879e-01,  7.93329717e-01,
        -1.09744373e+00, -1.20921954e+00,  6.04485191e-01,
         5.60074819e-01],
       [ 8.56971451e+00, -2.07606455e-01, -2.43116908e+01,
         1.23263657e+00,  1.36880483e+00, -1.09744373e+00,
         4.36924868e+00,  1.02177042e+00, -1.72011659e+00,
        -1.83559013e+00],
       [ 5.45105175e+00, -1.34632802e-01, -1.56345769e+01,
         8.67556689e-01,  1.01993556e+00, -1.20921954e+00,
         1.02177042e+00,  3.10434979e+00, -9.71879954e-01,
        -9.45634907e-01],
       [-4.14291879e+00,  1.01252898e-01,  1.18306442e+01,
        -5.84035162e-01, -6.70274256e-01,  6.04485191e-01,
        -1.72011659e+00, -9.71879954e-01,  8.08428462e-01,
         8.61535810e-01],
       [-4.46764881e+00,  1.10536620e-01,  1.29164606e+01,
        -6.19988455e-01, -5.92216068e-01,  5.60074819e-01,
        -1.83559013e+00, -9.45634907e-01,  8.61535810e-01,
         1.03293070e+00]]), array([[ 6.86483912e+02, -6.74271502e+00,  2.10743944e+01,
        -7.71182710e+00, -7.04377540e+00,  6.60386931e+00,
         1.68415621e+02,  1.24209171e+02,  6.60390032e+02,
         1.43042121e+03],
       [-6.74271502e+00,  1.10614205e-01, -2.66690694e-01,
         8.67955925e-02,  8.36388558e-02, -7.64643950e-02,
        -6.98437564e+00, -5.59156189e+00, -7.23405801e+00,
        -1.65753858e+01],
       [ 2.10743944e+01, -2.66690694e-01,  7.48319215e+01,
        -4.03722273e+00, -3.31253659e+00,  2.61233248e+00,
         4.42128039e+00,  2.24080087e+01,  6.89295684e+01,
         1.46684938e+02],
       [-7.71182710e+00,  8.67955925e-02, -4.03722273e+00,
         4.63703932e-01,  2.90517627e-01, -2.91050311e-01,
        -2.80883900e+00, -3.61232542e+00, -1.20929496e+01,
        -2.38057509e+01],
       [-7.04377540e+00,  8.36388558e-02, -3.31253659e+00,
         2.90517627e-01,  3.71978505e-01, -2.92775392e-01,
        -3.60079057e+00, -4.69689623e+00, -1.02571360e+01,
        -2.37024427e+01],
       [ 6.60386931e+00, -7.64643950e-02,  2.61233248e+00,
        -2.91050311e-01, -2.92775392e-01,  3.04997384e-01,
         3.24911327e+00,  4.17622071e+00,  9.26068738e+00,
         1.95262656e+01],
       [ 1.68415621e+02, -6.98437564e+00,  4.42128039e+00,
        -2.80883900e+00, -3.60079057e+00,  3.24911327e+00,
         2.58429105e+03,  5.20492251e+02,  1.99100062e+02,
         1.29222946e+03],
       [ 1.24209171e+02, -5.59156189e+00,  2.24080087e+01,
        -3.61232542e+00, -4.69689623e+00,  4.17622071e+00,
         5.20492251e+02,  2.81682791e+03,  1.20662358e+02,
         3.41486549e+02],
       [ 6.60390032e+02, -7.23405801e+00,  6.89295684e+01,
        -1.20929496e+01, -1.02571360e+01,  9.26068738e+00,
         1.99100062e+02,  1.20662358e+02,  7.64732279e+02,
         1.53267304e+03],
       [ 1.43042121e+03, -1.65753858e+01,  1.46684938e+02,
        -2.38057509e+01, -2.37024427e+01,  1.95262656e+01,
         1.29222946e+03,  3.41486549e+02,  1.53267304e+03,
         4.57807586e+03]]), array([[ 7.19282979e+02, -7.19964026e+00, -4.70868431e-18,
        -1.28488003e-17,  1.70282536e-17,  1.67173109e-17,
         1.76455056e+02,  1.31354011e+02,  6.88981318e+02,
         1.49698084e+03],
       [-7.19964026e+00,  1.18353144e-01, -3.75299388e-20,
         1.75851778e-19, -9.14336496e-20, -2.40075007e-19,
        -7.15669467e+00, -5.80057864e+00, -7.66343733e+00,
        -1.75592581e+01],
       [-4.70868431e-18, -3.75299388e-20,  3.83164702e-36,
        -2.92317782e-36, -7.38179457e-38,  3.53329101e-36,
         2.86053329e-19,  1.13586391e-18, -2.00209611e-18,
        -6.40543889e-18],
       [-1.28488003e-17,  1.75851778e-19, -2.92317782e-36,
         6.57702560e-36, -2.99117160e-36, -8.49738438e-36,
        -8.30414057e-20,  1.81179371e-19, -1.37481349e-17,
        -1.68161764e-17],
       [ 1.70282536e-17, -9.14336496e-20, -7.38179457e-38,
        -2.99117160e-36,  1.59963619e-35,  5.09539015e-36,
        -3.62185655e-18, -2.92416078e-19,  1.29951358e-17,
         4.83099034e-17],
       [ 1.67173109e-17, -2.40075007e-19,  3.53329101e-36,
        -8.49738438e-36,  5.09539015e-36,  1.23132572e-35,
         3.38944408e-19,  2.40527327e-19,  1.88616098e-17,
         2.72213930e-17],
       [ 1.76455056e+02, -7.15669467e+00,  2.86053329e-19,
        -8.30414057e-20, -3.62185655e-18,  3.38944408e-19,
         2.60150262e+03,  5.25873941e+02,  2.06495983e+02,
         1.31739674e+03],
       [ 1.31354011e+02, -5.80057864e+00,  1.13586391e-18,
         1.81179371e-19, -2.92416078e-19,  2.40527327e-19,
         5.25873941e+02,  2.83995873e+03,  1.16647007e+02,
         3.38622473e+02],
       [ 6.88981318e+02, -7.66343733e+00, -2.00209611e-18,
        -1.37481349e-17,  1.29951358e-17,  1.88616098e-17,
         2.06495983e+02,  1.16647007e+02,  7.62116111e+02,
         1.53450128e+03],
       [ 1.49698084e+03, -1.75592581e+01, -6.40543889e-18,
        -1.68161764e-17,  4.83099034e-17,  2.72213930e-17,
         1.31739674e+03,  3.38622473e+02,  1.53450128e+03,
         4.60353577e+03]])]
