solve time: 5.047738790512085

 number of functions evaluations
[10.0, 10.0, 10.0]

 variance
[array([[3.12677288e-03, 1.79654196e-06, 8.41874233e-03, 3.15025563e-03,
        4.67004412e-03, 2.23140419e-03, 1.28718668e-02, 3.10199359e-06,
        3.46675545e-04, 1.05345571e-04],
       [1.79654196e-06, 1.48475219e-09, 8.29462086e-06, 1.37040439e-06,
        5.35987242e-06, 1.28871764e-06, 2.01208936e-05, 4.39595991e-09,
        4.47622118e-07, 4.93355462e-08],
       [8.41874233e-03, 8.29462086e-06, 4.83081100e-02, 7.13331490e-03,
        3.21077058e-02, 6.02941843e-03, 1.31476536e-01, 2.82759397e-05,
        2.83416534e-03, 2.07413459e-04],
       [3.15025563e-03, 1.37040439e-06, 7.13331490e-03, 6.69123786e-03,
        3.66966060e-03, 2.28712864e-03, 9.44103113e-03, 2.25245398e-06,
        2.53710848e-04, 8.38717749e-05],
       [4.67004412e-03, 5.35987242e-06, 3.21077058e-02, 3.66966060e-03,
        2.13469550e-02, 3.28760102e-03, 9.26533446e-02, 1.98407081e-05,
        1.95951475e-03, 1.01346610e-04],
       [2.23140419e-03, 1.28871764e-06, 6.02941843e-03, 2.28712864e-03,
        3.28760102e-03, 1.53580110e-03, 9.40958854e-03, 2.25549215e-06,
        2.47511126e-04, 7.50777898e-05],
       [1.28718668e-02, 2.01208936e-05, 1.31476536e-01, 9.44103113e-03,
        9.26533446e-02, 9.40958854e-03, 4.01635865e-01, 8.51333551e-05,
        8.31660219e-03, 9.09758700e-05],
       [3.10199359e-06, 4.39595991e-09, 2.82759397e-05, 2.25245398e-06,
        1.98407081e-05, 2.25549215e-06, 8.51333551e-05, 1.81689090e-08,
        1.77168839e-06, 3.43629235e-08],
       [3.46675545e-04, 4.47622118e-07, 2.83416534e-03, 2.53710848e-04,
        1.95951475e-03, 2.47511126e-04, 8.31660219e-03, 1.77168839e-06,
        1.73220290e-04, 5.03019786e-06],
       [1.05345571e-04, 4.93355462e-08, 2.07413459e-04, 8.38717749e-05,
        1.01346610e-04, 7.50777898e-05, 9.09758700e-05, 3.43629235e-08,
        5.03019786e-06, 3.55323316e-06]]), array([[3.65992108e+05, 4.39554906e+01, 1.79754326e+01, 7.42640418e+00,
        1.10716828e+01, 5.49153069e+00, 2.70134134e+05, 2.86155486e+01,
        3.26728413e+05, 6.58853320e+05],
       [4.39554906e+01, 1.89234219e-02, 2.07155358e-02, 1.51772399e-03,
        1.33968779e-02, 1.44699083e-03, 3.96681016e+02, 9.18582965e-01,
        2.83308704e+01, 3.01862004e+02],
       [1.79754326e+01, 2.07155358e-02, 4.89439769e-02, 5.56456852e-03,
        3.17050750e-02, 4.58449362e-03, 1.89648207e+02, 4.24875519e-02,
        3.42459591e+01, 8.16680125e+02],
       [7.42640418e+00, 1.51772399e-03, 5.56456852e-03, 5.70193811e-03,
        2.91879280e-03, 1.62417056e-03, 2.33264276e+01, 1.05347198e-01,
        1.24642240e+01, 3.17857385e+02],
       [1.10716828e+01, 1.33968779e-02, 3.17050750e-02, 2.91879280e-03,
        2.03722705e-02, 2.56657890e-03, 1.57115246e+02, 2.97410511e-02,
        1.92940519e+01, 4.71352683e+02],
       [5.49153069e+00, 1.44699083e-03, 4.58449362e-03, 1.62417056e-03,
        2.56657890e-03, 9.29870034e-04, 1.54197840e+01, 7.26171454e-03,
        9.83197066e+00, 1.18432615e+02],
       [2.70134134e+05, 3.96681016e+02, 1.89648207e+02, 2.33264276e+01,
        1.57115246e+02, 1.54197840e+01, 3.77809900e+07, 6.75866898e+05,
        2.96049437e+05, 7.80661429e+06],
       [2.86155486e+01, 9.18582965e-01, 4.24875519e-02, 1.05347198e-01,
        2.97410511e-02, 7.26171454e-03, 6.75866898e+05, 4.32920391e+04,
        2.22544796e+01, 5.67026927e+04],
       [3.26728413e+05, 2.83308704e+01, 3.42459591e+01, 1.24642240e+01,
        1.92940519e+01, 9.83197066e+00, 2.96049437e+05, 2.22544796e+01,
        3.93358391e+05, 1.00966452e+06],
       [6.58853320e+05, 3.01862004e+02, 8.16680125e+02, 3.17857385e+02,
        4.71352683e+02, 1.18432615e+02, 7.80661429e+06, 5.67026927e+04,
        1.00966452e+06, 1.96645993e+07]]), array([[3.70554868e+05, 4.45343352e+01, 1.60931384e-34, 1.18967921e-33,
        3.96873095e-34, 4.23499874e-34, 2.75591373e+05, 2.91490383e+01,
        3.29639209e+05, 6.77369948e+05],
       [4.45343352e+01, 1.95913415e-02, 3.94356653e-39, 2.90452683e-38,
        9.90716311e-39, 1.01881814e-38, 4.03342724e+02, 9.19918979e-01,
        2.84658840e+01, 3.12524808e+02],
       [1.60931384e-34, 3.94356653e-39, 5.05211575e-72, 3.85146200e-71,
        1.26837115e-71, 1.35909024e-71, 5.01262361e-37, 7.28442272e-41,
        1.86093078e-34, 9.44868090e-33],
       [1.18967921e-33, 2.90452683e-38, 3.85146200e-71, 2.93338950e-70,
        9.66327420e-71, 1.03512820e-70, 1.09600844e-36, 5.47572808e-42,
        1.37190010e-33, 7.12775451e-32],
       [3.96873095e-34, 9.90716311e-39, 1.26837115e-71, 9.66327420e-71,
        3.18158513e-71, 3.40833385e-71, 2.80156354e-36, 6.42554009e-42,
        4.57177526e-34, 2.36470305e-32],
       [4.23499874e-34, 1.01881814e-38, 1.35909024e-71, 1.03512820e-70,
        3.40833385e-71, 3.65058250e-71, 5.93108748e-38, 6.92482703e-43,
        4.88523599e-34, 2.52402523e-32],
       [2.75591373e+05, 4.03342724e+02, 5.01262361e-37, 1.09600844e-36,
        2.80156354e-36, 5.93108748e-38, 3.79101085e+07, 6.77191374e+05,
        2.96623361e+05, 7.88838024e+06],
       [2.91490383e+01, 9.19918979e-01, 7.28442272e-41, 5.47572808e-42,
        6.42554009e-42, 6.92482703e-43, 6.77191374e+05, 4.33862085e+04,
        2.20557798e+01, 5.67169634e+04],
       [3.29639209e+05, 2.84658840e+01, 1.86093078e-34, 1.37190010e-33,
        4.57177526e-34, 4.88523599e-34, 2.96623361e+05, 2.20557798e+01,
        3.93557082e+05, 1.01246156e+06],
       [6.77369948e+05, 3.12524808e+02, 9.44868090e-33, 7.12775451e-32,
        2.36470305e-32, 2.52402523e-32, 7.88838024e+06, 5.67169634e+04,
        1.01246156e+06, 1.97541568e+07]])]

 max variance
[0.40163586499314535, 37780990.02285369, 37910108.532072686]

 cost matrix
[array([[ 3.37021932e-02, -6.92434765e-04, -5.51785911e-02,
         3.86236576e-02,  4.39147562e-02, -2.95764309e-02,
         5.15282994e-02,  8.39593719e-04, -9.33799505e-03,
        -3.60484497e-03],
       [-6.92434765e-04,  1.88846112e-05,  1.42839566e-03,
        -6.88303896e-04, -1.13900807e-03,  6.13140657e-04,
        -1.80544361e-03, -2.78935771e-05,  3.02936774e-04,
         8.53846918e-05],
       [-5.51785911e-02,  1.42839566e-03,  1.13323723e-01,
        -6.08226027e-02, -9.19740838e-02,  4.96856089e-02,
        -1.43872729e-01, -2.19199882e-03,  2.36068991e-02,
         5.71667270e-03],
       [ 3.86236576e-02, -6.88303896e-04, -6.08226027e-02,
         5.64338719e-02,  4.95647200e-02, -3.65065349e-02,
         5.36466824e-02,  8.72294186e-04, -9.75559116e-03,
        -3.22036642e-03],
       [ 4.39147562e-02, -1.13900807e-03, -9.19740838e-02,
         4.95647200e-02,  7.91871361e-02, -4.03874501e-02,
         1.23312127e-01,  1.83072969e-03, -1.99802843e-02,
        -4.19996477e-03],
       [-2.95764309e-02,  6.13140657e-04,  4.96856089e-02,
        -3.65065349e-02, -4.03874501e-02,  2.75535158e-02,
        -5.12621425e-02, -7.96689695e-04,  9.27164874e-03,
         3.11057554e-03],
       [ 5.15282994e-02, -1.80544361e-03, -1.43872729e-01,
         5.36466824e-02,  1.23312127e-01, -5.12621425e-02,
         2.45047252e-01,  3.49629003e-03, -3.80198297e-02,
        -4.79197282e-03],
       [ 8.39593719e-04, -2.78935771e-05, -2.19199882e-03,
         8.72294186e-04,  1.83072969e-03, -7.96689695e-04,
         3.49629003e-03,  6.30088273e-05, -5.45783459e-04,
        -8.87122789e-05],
       [-9.33799505e-03,  3.02936774e-04,  2.36068991e-02,
        -9.75559116e-03, -1.99802843e-02,  9.27164874e-03,
        -3.80198297e-02, -5.45783459e-04,  6.10150399e-03,
         1.02907575e-03],
       [-3.60484497e-03,  8.53846918e-05,  5.71667270e-03,
        -3.22036642e-03, -4.19996477e-03,  3.11057554e-03,
        -4.79197282e-03, -8.87122789e-05,  1.02907575e-03,
         6.24576752e-04]]), array([[ 4.26408484e+02, -4.80756994e+00,  3.68030453e+00,
        -3.03127387e+00, -3.36336850e+00,  2.40025498e+00,
         3.55464135e+02,  3.72543367e+00,  4.37399423e+02,
         1.02169519e+03],
       [-4.80756994e+00,  1.08623968e-01, -7.03051534e-02,
         3.73090427e-02,  6.67851042e-02, -3.14411908e-02,
        -1.58913925e+01, -4.10135723e-01, -4.77364486e+00,
        -1.63592585e+01],
       [ 3.68030453e+00, -7.03051534e-02,  1.07024792e-01,
        -5.34309852e-02, -8.56549684e-02,  4.35863410e-02,
         6.44254226e+00,  9.83254394e-02,  4.49077603e+00,
         1.87306966e+01],
       [-3.03127387e+00,  3.73090427e-02, -5.34309852e-02,
         4.80091904e-02,  4.28463336e-02, -3.07886506e-02,
        -3.69726594e+00, -1.30353278e-01, -3.49258189e+00,
        -1.40605747e+01],
       [-3.36336850e+00,  6.67851042e-02, -8.56549684e-02,
         4.28463336e-02,  7.25175303e-02, -3.50696149e-02,
        -7.89164582e+00, -1.02555340e-01, -3.97988535e+00,
        -1.62828319e+01],
       [ 2.40025498e+00, -3.14411908e-02,  4.35863410e-02,
        -3.07886506e-02, -3.50696149e-02,  2.29983080e-02,
         2.87600510e+00,  5.08876194e-02,  2.79611811e+00,
         9.69888260e+00],
       [ 3.55464135e+02, -1.58913925e+01,  6.44254226e+00,
        -3.69726594e+00, -7.89164582e+00,  2.87600510e+00,
         5.07077350e+03,  2.94239351e+02,  3.64541520e+02,
         2.46477607e+03],
       [ 3.72543367e+00, -4.10135723e-01,  9.83254394e-02,
        -1.30353278e-01, -1.02555340e-01,  5.08876194e-02,
         2.94239351e+02,  6.61685299e+01,  3.31944620e+00,
         9.59140328e+01],
       [ 4.37399423e+02, -4.77364486e+00,  4.49077603e+00,
        -3.49258189e+00, -3.97988535e+00,  2.79611811e+00,
         3.64541520e+02,  3.31944620e+00,  4.77385420e+02,
         1.15493649e+03],
       [ 1.02169519e+03, -1.63592585e+01,  1.87306966e+01,
        -1.40605747e+01, -1.62828319e+01,  9.69888260e+00,
         2.46477607e+03,  9.59140328e+01,  1.15493649e+03,
         4.81844124e+03]]), array([[ 4.32034065e+02, -4.87501529e+00, -3.81233368e-18,
         1.22644898e-17,  6.65786062e-18, -7.41237631e-18,
         3.62697309e+02,  3.85141316e+00,  4.40306561e+02,
         1.03414399e+03],
       [-4.87501529e+00,  1.10263649e-01,  1.81585819e-20,
        -5.68062908e-20, -2.88173037e-20,  3.54350776e-20,
        -1.60970946e+01, -4.13025626e-01, -4.79730326e+00,
        -1.65448865e+01],
       [-3.81233368e-18,  1.81585819e-20,  7.11343585e-37,
        -1.96134164e-36, -1.12515448e-36,  1.16406330e-36,
         3.23846227e-20,  2.20442101e-21, -4.05574816e-18,
        -3.03153484e-17],
       [ 1.22644898e-17, -5.68062908e-20, -1.96134164e-36,
         5.43081680e-36,  3.11115860e-36, -3.22317794e-36,
        -3.18980939e-19,  1.38433342e-22,  1.32602330e-17,
         8.76949130e-17],
       [ 6.65786062e-18, -2.88173037e-20, -1.12515448e-36,
         3.11115860e-36,  1.78663838e-36, -1.85041277e-36,
        -5.86061097e-19, -1.26725045e-21,  7.22968239e-18,
         4.86584719e-17],
       [-7.41237631e-18,  3.54350776e-20,  1.16406330e-36,
        -3.22317794e-36, -1.85041277e-36,  1.91806009e-36,
        -6.68594639e-20,  2.32365817e-22, -8.08197515e-18,
        -5.13031925e-17],
       [ 3.62697309e+02, -1.60970946e+01,  3.23846227e-20,
        -3.18980939e-19, -5.86061097e-19, -6.68594639e-20,
         5.10303443e+03,  2.94863015e+02,  3.68296108e+02,
         2.49168082e+03],
       [ 3.85141316e+00, -4.13025626e-01,  2.20442101e-21,
         1.38433342e-22, -1.26725045e-21,  2.32365817e-22,
         2.94863015e+02,  6.62450458e+01,  3.39454154e+00,
         9.65231741e+01],
       [ 4.40306561e+02, -4.79730326e+00, -4.05574816e-18,
         1.32602330e-17,  7.22968239e-18, -8.08197515e-18,
         3.68296108e+02,  3.39454154e+00,  4.76418880e+02,
         1.15395057e+03],
       [ 1.03414399e+03, -1.65448865e+01, -3.03153484e-17,
         8.76949130e-17,  4.86584719e-17, -5.13031925e-17,
         2.49168082e+03,  9.65231741e+01,  1.15395057e+03,
         4.82939712e+03]])]
