solve time: 985.0643360614777

 number of functions evaluations
[10000.0, 10000.0, 10000.0]

 variance
[array([[8.81693718e+03, 3.03334001e+00, 6.05898028e+04, 1.36367805e+02,
        2.92353129e+02, 2.15016266e+02, 8.02688990e+02, 9.99691222e+01,
        7.65106915e+01, 4.38241739e+02],
       [3.03334001e+00, 1.29102914e-03, 2.20144630e+01, 4.42076838e-02,
        8.95962558e-02, 7.83380608e-02, 5.72689729e-01, 6.58660406e-02,
        4.30912894e-02, 1.90793576e-01],
       [6.05898028e+04, 2.20144630e+01, 4.27058719e+05, 8.56711912e+02,
        1.89000238e+03, 1.31207065e+03, 7.12295634e+03, 7.44812208e+02,
        6.69406240e+02, 3.34589358e+03],
       [1.36367805e+02, 4.42076838e-02, 8.56711912e+02, 1.23828889e+01,
        4.97170223e+00, 1.62461144e+01, 1.83222425e+01, 2.30575987e+00,
        1.25224450e+00, 7.09305644e+00],
       [2.92353129e+02, 8.95962558e-02, 1.89000238e+03, 4.97170223e+00,
        6.80908014e+01, 1.71069314e+01, 2.59071150e+01, 4.44143766e+00,
        2.12913428e+00, 8.70247387e+00],
       [2.15016266e+02, 7.83380608e-02, 1.31207065e+03, 1.62461144e+01,
        1.71069314e+01, 6.82976747e+01, 5.36470018e+01, 6.88428410e+00,
        2.42880828e+00, 1.05225167e+01],
       [8.02688990e+02, 5.72689729e-01, 7.12295634e+03, 1.83222425e+01,
        2.59071150e+01, 5.36470018e+01, 1.94582377e+03, 2.30018582e+01,
        5.56406941e+01, 6.94032289e+01],
       [9.99691222e+01, 6.58660406e-02, 7.44812208e+02, 2.30575987e+00,
        4.44143766e+00, 6.88428410e+00, 2.30018582e+01, 1.58053870e+02,
        2.60390688e+00, 4.49205643e+00],
       [7.65106915e+01, 4.30912894e-02, 6.69406240e+02, 1.25224450e+00,
        2.12913428e+00, 2.42880828e+00, 5.56406941e+01, 2.60390688e+00,
        5.68637017e+00, 1.22311357e+01],
       [4.38241739e+02, 1.90793576e-01, 3.34589358e+03, 7.09305644e+00,
        8.70247387e+00, 1.05225167e+01, 6.94032289e+01, 4.49205643e+00,
        1.22311357e+01, 2.05218109e+02]]), array([[9.27650225e+05, 7.21146066e+01, 5.04039661e+03, 1.81439584e+02,
        2.26250862e+02, 4.35215404e+02, 1.15170106e+05, 1.03391433e+05,
        6.87021557e+05, 2.06574041e+06],
       [7.21146066e+01, 1.94523561e-02, 7.72765696e-01, 2.55910924e-02,
        3.07839717e-02, 5.94619260e-02, 1.91916759e+02, 1.63121288e+02,
        6.85152842e+01, 2.45608461e+02],
       [5.04039661e+03, 7.72765696e-01, 8.37906148e+04, 2.18765765e+02,
        3.67198818e+02, 4.10933705e+02, 7.52166853e+03, 2.95375718e+03,
        5.28393788e+04, 2.28466005e+05],
       [1.81439584e+02, 2.55910924e-02, 2.18765765e+02, 3.50290671e+00,
        1.59482591e+00, 6.36907432e+00, 1.41897192e+02, 8.97263552e+01,
        4.93191237e+02, 2.27538525e+03],
       [2.26250862e+02, 3.07839717e-02, 3.67198818e+02, 1.59482591e+00,
        1.75870625e+01, 5.82908431e+00, 1.81561370e+02, 1.64765200e+02,
        6.40822170e+02, 3.14564659e+03],
       [4.35215404e+02, 5.94619260e-02, 4.10933705e+02, 6.36907432e+00,
        5.82908431e+00, 3.21426757e+01, 3.07591718e+02, 2.52032845e+02,
        1.10217651e+03, 4.13150987e+03],
       [1.15170106e+05, 1.91916759e+02, 7.52166853e+03, 1.41897192e+02,
        1.81561370e+02, 3.07591718e+02, 3.41597572e+07, 2.88796877e+06,
        1.17126337e+05, 3.73688241e+06],
       [1.03391433e+05, 1.63121288e+02, 2.95375718e+03, 8.97263552e+01,
        1.64765200e+02, 2.52032845e+02, 2.88796877e+06, 5.12628398e+07,
        1.02051208e+05, 6.85096837e+05],
       [6.87021557e+05, 6.85152842e+01, 5.28393788e+04, 4.93191237e+02,
        6.40822170e+02, 1.10217651e+03, 1.17126337e+05, 1.02051208e+05,
        9.04424877e+05, 2.10371350e+06],
       [2.06574041e+06, 2.45608461e+02, 2.28466005e+05, 2.27538525e+03,
        3.14564659e+03, 4.13150987e+03, 3.73688241e+06, 6.85096837e+05,
        2.10371350e+06, 1.65934985e+07]]), array([[9.50835946e+05, 7.55738462e+01, 2.53546170e-32, 2.83532124e-32,
        6.76117400e-32, 8.40226796e-33, 1.19135843e+05, 1.06977471e+05,
        7.07660815e+05, 2.14614931e+06],
       [7.55738462e+01, 2.07033626e-02, 1.39359397e-36, 1.00292478e-36,
        3.22646782e-36, 3.73348948e-37, 1.99779852e+02, 1.69431935e+02,
        7.24177156e+01, 2.60397999e+02],
       [2.53546170e-32, 1.39359397e-36, 8.14437233e-68, 1.26991940e-68,
        1.64384397e-68, 2.61165053e-69, 1.48781192e-34, 4.37729300e-35,
        2.68474110e-32, 1.22689046e-31],
       [2.83532124e-32, 1.00292478e-36, 1.26991940e-68, 5.70306185e-68,
        2.54247680e-68, 3.04511392e-69, 8.64216457e-35, 9.03162766e-36,
        1.72319600e-32, 4.94182460e-32],
       [6.76117400e-32, 3.22646782e-36, 1.64384397e-68, 2.54247680e-68,
        8.43579536e-67, 1.69270232e-69, 3.43724649e-34, 1.39146390e-35,
        6.31290821e-32, 1.52503068e-31],
       [8.40226796e-33, 3.73348948e-37, 2.61165053e-69, 3.04511392e-69,
        1.69270232e-69, 3.17309763e-69, 2.38863297e-35, 1.63537140e-35,
        6.92748373e-33, 2.11799860e-32],
       [1.19135843e+05, 1.99779852e+02, 1.48781192e-34, 8.64216457e-35,
        3.43724649e-34, 2.38863297e-35, 3.46763120e+07, 2.93153439e+06,
        1.16243714e+05, 3.76555786e+06],
       [1.06977471e+05, 1.69431935e+02, 4.37729300e-35, 9.03162766e-36,
        1.39146390e-35, 1.63537140e-35, 2.93153439e+06, 5.23303811e+07,
        1.02194643e+05, 6.88509150e+05],
       [7.07660815e+05, 7.24177156e+01, 2.68474110e-32, 1.72319600e-32,
        6.31290821e-32, 6.92748373e-33, 1.16243714e+05, 1.02194643e+05,
        8.98693006e+05, 2.10360430e+06],
       [2.14614931e+06, 2.60397999e+02, 1.22689046e-31, 4.94182460e-32,
        1.52503068e-31, 2.11799860e-32, 3.76555786e+06, 6.88509150e+05,
        2.10360430e+06, 1.69537934e+07]])]

 max variance
[427058.71857257164, 51262839.832159914, 52330381.09470492]

 cost matrix
[array([[ 1.08820361e+01, -1.99761681e-01, -2.78131910e+01,
         1.71807665e+00,  2.11204744e+00, -1.90287029e+00,
         3.27229038e+00,  6.84194293e-01, -6.93651512e-01,
        -2.49019282e-01],
       [-1.99761681e-01,  3.98879605e-03,  5.23992237e-01,
        -3.02065394e-02, -3.68503162e-02,  3.44546588e-02,
        -7.97176954e-02, -1.60776500e-02,  1.70123821e-02,
         7.36862933e-03],
       [-2.78131910e+01,  5.23992237e-01,  7.20648095e+01,
        -4.13926646e+00, -5.15022789e+00,  4.49827460e+00,
        -9.24299960e+00, -1.81264751e+00,  1.98745551e+00,
         8.22227791e-01],
       [ 1.71807665e+00, -3.02065394e-02, -4.13926646e+00,
         5.82382644e-01,  4.71702453e-01, -6.38720020e-01,
         6.53918051e-01,  1.44808700e-01, -1.30547818e-01,
        -4.52582117e-02],
       [ 2.11204744e+00, -3.68503162e-02, -5.15022789e+00,
         4.71702453e-01,  8.23512479e-01, -6.86775742e-01,
         7.35797717e-01,  1.76574232e-01, -1.55107720e-01,
        -5.28757657e-02],
       [-1.90287029e+00,  3.44546588e-02,  4.49827460e+00,
        -6.38720020e-01, -6.86775742e-01,  1.06096025e+00,
        -8.61680548e-01, -2.04758727e-01,  1.70912666e-01,
         3.63864744e-02],
       [ 3.27229038e+00, -7.97176954e-02, -9.24299960e+00,
         6.53918051e-01,  7.35797717e-01, -8.61680548e-01,
         3.55404299e+00,  3.05973697e-01, -6.26873660e-01,
        -1.00667988e-01],
       [ 6.84194293e-01, -1.60776500e-02, -1.81264751e+00,
         1.44808700e-01,  1.76574232e-01, -2.04758727e-01,
         3.05973697e-01,  4.49014663e-01, -9.30442439e-02,
        -8.77585361e-02],
       [-6.93651512e-01,  1.70123821e-02,  1.98745551e+00,
        -1.30547818e-01, -1.55107720e-01,  1.70912666e-01,
        -6.26873660e-01, -9.30442439e-02,  1.56743799e-01,
         1.29096856e-01],
       [-2.49019282e-01,  7.36862933e-03,  8.22227791e-01,
        -4.52582117e-02, -5.28757657e-02,  3.63864744e-02,
        -1.00667988e-01, -8.77585361e-02,  1.29096856e-01,
         4.89824672e-01]]), array([[ 6.08964102e+02, -5.81554201e+00,  1.65312087e+01,
        -6.18380661e+00, -7.21895964e+00,  7.16063932e+00,
         1.76373995e+02,  8.55523119e+01,  5.75948656e+02,
         1.26332130e+03],
       [-5.81554201e+00,  9.56629023e-02, -2.05255489e-01,
         7.15280049e-02,  8.34828659e-02, -8.19636068e-02,
        -8.40135502e+00, -3.61183018e+00, -5.80289931e+00,
        -1.46674996e+01],
       [ 1.65312087e+01, -2.05255489e-01,  2.54980362e+01,
        -1.83963034e+00, -2.19549038e+00,  2.06687540e+00,
         1.11963444e+01,  4.35207960e+00,  3.40178039e+01,
         8.45949946e+01],
       [-6.18380661e+00,  7.15280049e-02, -1.83963034e+00,
         3.12618124e-01,  2.61557273e-01, -3.59398609e-01,
        -4.24602738e+00, -1.78199005e+00, -7.85181746e+00,
        -2.02170509e+01],
       [-7.21895964e+00,  8.34828659e-02, -2.19549038e+00,
         2.61557273e-01,  4.45253904e-01, -3.87935402e-01,
        -4.91881821e+00, -2.15697816e+00, -9.19543537e+00,
        -2.34974785e+01],
       [ 7.16063932e+00, -8.19636068e-02,  2.06687540e+00,
        -3.59398609e-01, -3.87935402e-01,  6.25993191e-01,
         4.86490158e+00,  2.17561790e+00,  9.00777045e+00,
         2.24779417e+01],
       [ 1.76373995e+02, -8.40135502e+00,  1.11963444e+01,
        -4.24602738e+00, -4.91881821e+00,  4.86490158e+00,
         3.65224570e+03,  5.67304186e+02,  1.79048181e+02,
         1.54149011e+03],
       [ 8.55523119e+01, -3.61183018e+00,  4.35207960e+00,
        -1.78199005e+00, -2.15697816e+00,  2.17561790e+00,
         5.67304186e+02,  1.32922860e+03,  8.54175628e+01,
         3.19338394e+02],
       [ 5.75948656e+02, -5.80289931e+00,  3.40178039e+01,
        -7.85181746e+00, -9.19543537e+00,  9.00777045e+00,
         1.79048181e+02,  8.54175628e+01,  6.16514922e+02,
         1.29279129e+03],
       [ 1.26332130e+03, -1.46674996e+01,  8.45949946e+01,
        -2.02170509e+01, -2.34974785e+01,  2.24779417e+01,
         1.54149011e+03,  3.19338394e+02,  1.29279129e+03,
         4.21924701e+03]]), array([[ 6.29333959e+02, -6.05912248e+00,  2.27481084e-18,
         2.83140082e-18,  1.33001361e-18, -7.30489879e-19,
         1.84044522e+02,  8.88023724e+01,  5.89680932e+02,
         1.30148490e+03],
       [-6.05912248e+00,  9.99079512e-02, -1.25549415e-20,
        -2.12304969e-20, -1.03286320e-20,  7.53713028e-21,
        -8.62027933e+00, -3.70118608e+00, -5.97197795e+00,
        -1.51425567e+01],
       [ 2.27481084e-18, -1.25549415e-20,  1.49580180e-35,
        -1.64228709e-36, -4.10683077e-36,  1.99404577e-36,
         1.17901050e-19, -4.52785127e-20,  1.38240537e-18,
         5.02176231e-18],
       [ 2.83140082e-18, -2.12304969e-20, -1.64228709e-36,
         7.89403507e-36,  2.53483838e-36, -2.12944583e-36,
         1.87468326e-19,  1.41140997e-20,  2.34961641e-18,
         3.58710376e-18],
       [ 1.33001361e-18, -1.03286320e-20, -4.10683077e-36,
         2.53483838e-36,  2.44047054e-35, -1.16869304e-36,
         2.39616568e-19,  3.07478821e-20,  1.92657635e-18,
         2.82264079e-19],
       [-7.30489879e-19,  7.53713028e-21,  1.99404577e-36,
        -2.12944583e-36, -1.16869304e-36,  3.59218873e-36,
        -8.54002502e-20, -4.75687285e-20, -1.01106727e-18,
        -1.45524555e-18],
       [ 1.84044522e+02, -8.62027933e+00,  1.17901050e-19,
         1.87468326e-19,  2.39616568e-19, -8.54002502e-20,
         3.68613973e+03,  5.72759731e+02,  1.81444153e+02,
         1.56388906e+03],
       [ 8.88023724e+01, -3.70118608e+00, -4.52785127e-20,
         1.41140997e-20,  3.07478821e-20, -4.75687285e-20,
         5.72759731e+02,  1.34544454e+03,  8.66694540e+01,
         3.24798109e+02],
       [ 5.89680932e+02, -5.97197795e+00,  1.38240537e-18,
         2.34961641e-18,  1.92657635e-18, -1.01106727e-18,
         1.81444153e+02,  8.66694540e+01,  6.13199144e+02,
         1.28954261e+03],
       [ 1.30148490e+03, -1.51425567e+01,  5.02176231e-18,
         3.58710376e-18,  2.82264079e-19, -1.45524555e-18,
         1.56388906e+03,  3.24798109e+02,  1.28954261e+03,
         4.23607205e+03]])]
