solve time: 67.34556078910828

 number of functions evaluations
[1000.0, 1000.0, 1000.0]

 variance
[array([[7.95886459e+03, 2.75255094e+00, 5.28262779e+04, 9.86593131e+01,
        2.47400105e+02, 1.52484042e+02, 9.24253194e+02, 4.12763824e+01,
        8.00249321e+01, 4.23937762e+02],
       [2.75255094e+00, 1.16863948e-03, 1.92187449e+01, 4.38209628e-02,
        7.71899110e-02, 1.04952421e-01, 7.88341412e-01, 1.89773830e-02,
        5.90562809e-02, 1.46935615e-01],
       [5.28262779e+04, 1.92187449e+01, 3.56046717e+05, 6.79366715e+02,
        1.61720159e+03, 1.29631456e+03, 8.41585626e+03, 2.80368842e+02,
        7.14828196e+02, 2.90908753e+03],
       [9.86593131e+01, 4.38209628e-02, 6.79366715e+02, 8.86620290e+00,
        2.94809930e+00, 1.11258898e+01, 2.58998999e+01, 3.90628052e-01,
        3.09529361e+00, 6.29334945e+00],
       [2.47400105e+02, 7.71899110e-02, 1.61720159e+03, 2.94809930e+00,
        1.12837445e+01, 8.20657718e+00, 2.34645525e+01, 1.39095319e+00,
        3.09725951e+00, 9.21713829e+00],
       [1.52484042e+02, 1.04952421e-01, 1.29631456e+03, 1.11258898e+01,
        8.20657718e+00, 4.54295606e+01, 8.21334389e+01, 4.88932989e-01,
        1.72730216e+01, 7.37605065e+00],
       [9.24253194e+02, 7.88341412e-01, 8.41585626e+03, 2.58998999e+01,
        2.34645525e+01, 8.21334389e+01, 3.48264944e+03, 6.18353399e+00,
        9.32848485e+01, 1.82098489e+01],
       [4.12763824e+01, 1.89773830e-02, 2.80368842e+02, 3.90628052e-01,
        1.39095319e+00, 4.88932989e-01, 6.18353399e+00, 1.65353422e+00,
        3.21588857e-01, 1.35381034e-01],
       [8.00249321e+01, 5.90562809e-02, 7.14828196e+02, 3.09529361e+00,
        3.09725951e+00, 1.72730216e+01, 9.32848485e+01, 3.21588857e-01,
        9.32673180e+00, 5.12207556e+00],
       [4.23937762e+02, 1.46935615e-01, 2.90908753e+03, 6.29334945e+00,
        9.21713829e+00, 7.37605065e+00, 1.82098489e+01, 1.35381034e-01,
        5.12207556e+00, 6.68284404e+01]]), array([[8.47049943e+05, 7.22523049e+01, 4.27255844e+03, 1.47268835e+02,
        1.27484280e+02, 2.46243991e+02, 1.31235126e+05, 1.36289711e+05,
        6.52078739e+05, 1.88524758e+06],
       [7.22523049e+01, 2.03952946e-02, 1.18404707e+00, 2.45367029e-02,
        2.04943308e-02, 3.86851094e-02, 1.91859729e+02, 2.02310013e+02,
        6.40295116e+01, 2.23167085e+02],
       [4.27255844e+03, 1.18404707e+00, 1.00728826e+05, 3.54897636e+02,
        3.46363503e+02, 1.30810511e+03, 1.83701803e+04, 8.35048149e+03,
        7.43567657e+04, 2.26891853e+05],
       [1.47268835e+02, 2.45367029e-02, 3.54897636e+02, 4.31461946e+00,
        1.52769168e+00, 8.20656988e+00, 1.78688533e+02, 9.64189214e+01,
        5.50706989e+02, 2.10597951e+03],
       [1.27484280e+02, 2.04943308e-02, 3.46363503e+02, 1.52769168e+00,
        2.88199393e+00, 6.99621741e+00, 1.86729547e+02, 1.35320063e+02,
        4.66457702e+02, 1.76333408e+03],
       [2.46243991e+02, 3.86851094e-02, 1.30810511e+03, 8.20656988e+00,
        6.99621741e+00, 4.69040469e+01, 2.86083196e+02, 1.54736199e+02,
        1.58599234e+03, 2.93987329e+03],
       [1.31235126e+05, 1.91859729e+02, 1.83701803e+04, 1.78688533e+02,
        1.86729547e+02, 2.86083196e+02, 3.63309603e+07, 3.43646628e+06,
        1.32112503e+05, 3.67241004e+06],
       [1.36289711e+05, 2.02310013e+02, 8.35048149e+03, 9.64189214e+01,
        1.35320063e+02, 1.54736199e+02, 3.43646628e+06, 5.12520986e+07,
        1.28804079e+05, 7.69100832e+05],
       [6.52078739e+05, 6.40295116e+01, 7.43567657e+04, 5.50706989e+02,
        4.66457702e+02, 1.58599234e+03, 1.32112503e+05, 1.28804079e+05,
        9.16206196e+05, 1.96278149e+06],
       [1.88524758e+06, 2.23167085e+02, 2.26891853e+05, 2.10597951e+03,
        1.76333408e+03, 2.93987329e+03, 3.67241004e+06, 7.69100832e+05,
        1.96278149e+06, 1.49887657e+07]]), array([[8.63463843e+05, 7.48217219e+01, 3.46214679e-32, 3.85030948e-32,
        3.90625483e-31, 3.63596838e-33, 1.37858016e+05, 1.41163807e+05,
        6.67899180e+05, 1.94105603e+06],
       [7.48217219e+01, 2.19112580e-02, 1.51528941e-36, 1.28644702e-36,
        1.08265009e-35, 1.51250755e-37, 2.03727751e+02, 2.09208844e+02,
        6.74550789e+01, 2.36447511e+02],
       [3.46214679e-32, 1.51528941e-36, 1.70850131e-68, 1.67011537e-68,
        1.99983141e-67, 3.25292830e-70, 7.67327748e-35, 8.34474345e-35,
        2.07459219e-32, 6.08346040e-32],
       [3.85030948e-32, 1.28644702e-36, 1.67011537e-68, 2.14424066e-68,
        2.54312268e-67, 1.86330349e-70, 5.57396386e-35, 1.54475176e-35,
        1.81400011e-32, 5.25122904e-32],
       [3.90625483e-31, 1.08265009e-35, 1.99983141e-67, 2.54312268e-67,
        3.34516918e-66, 1.07894913e-69, 2.91677127e-34, 2.11801306e-35,
        1.32105104e-31, 3.96657304e-31],
       [3.63596838e-33, 1.51250755e-37, 3.25292830e-70, 1.86330349e-70,
        1.07894913e-69, 1.06257878e-69, 1.93409366e-35, 4.12649537e-36,
        2.45964773e-33, 1.41809977e-32],
       [1.37858016e+05, 2.03727751e+02, 7.67327748e-35, 5.57396386e-35,
        2.91677127e-34, 1.93409366e-35, 3.68917933e+07, 3.48608092e+06,
        1.31375439e+05, 3.70544995e+06],
       [1.41163807e+05, 2.09208844e+02, 8.34474345e-35, 1.54475176e-35,
        2.11801306e-35, 4.12649537e-36, 3.48608092e+06, 5.17209079e+07,
        1.28335115e+05, 7.74464118e+05],
       [6.67899180e+05, 6.74550789e+01, 2.07459219e-32, 1.81400011e-32,
        1.32105104e-31, 2.45964773e-33, 1.31375439e+05, 1.28335115e+05,
        8.85936762e+05, 1.94061761e+06],
       [1.94105603e+06, 2.36447511e+02, 6.08346040e-32, 5.25122904e-32,
        3.96657304e-31, 1.41809977e-32, 3.70544995e+06, 7.74464118e+05,
        1.94061761e+06, 1.53525713e+07]])]

 max variance
[356046.7169872344, 51252098.60470957, 51720907.88079364]

 cost matrix
[array([[ 1.06717898e+01, -2.08562633e-01, -2.73840259e+01,
         1.58927098e+00,  1.93193428e+00, -1.60941450e+00,
         4.09309850e+00,  4.65421383e-01, -8.20812895e-01,
        -2.99047785e-01],
       [-2.08562633e-01,  4.38756904e-03,  5.48861349e-01,
        -3.08187043e-02, -3.62640953e-02,  3.32675995e-02,
        -1.06080650e-01, -1.01011994e-02,  2.18496213e-02,
         8.80300239e-03],
       [-2.73840259e+01,  5.48861349e-01,  7.11034906e+01,
        -3.93377375e+00, -4.80384664e+00,  4.04222119e+00,
        -1.16732948e+01, -1.19852930e+00,  2.36910171e+00,
         8.84349460e-01],
       [ 1.58927098e+00, -3.08187043e-02, -3.93377375e+00,
         5.36709322e-01,  3.99729657e-01, -5.44756178e-01,
         7.96721511e-01,  8.60753039e-02, -1.81895604e-01,
        -1.03210877e-01],
       [ 1.93193428e+00, -3.62640953e-02, -4.80384664e+00,
         3.99729657e-01,  5.64579594e-01, -5.05706262e-01,
         8.13881387e-01,  1.05801696e-01, -1.67540685e-01,
        -2.08273257e-02],
       [-1.60941450e+00,  3.32675995e-02,  4.04222119e+00,
        -5.44756178e-01, -5.05706262e-01,  8.04790580e-01,
        -1.00719119e+00, -9.44760903e-02,  2.68626456e-01,
         1.23448291e-01],
       [ 4.09309850e+00, -1.06080650e-01, -1.16732948e+01,
         7.96721511e-01,  8.13881387e-01, -1.00719119e+00,
         5.08399871e+00,  2.41325310e-01, -9.02593329e-01,
        -1.24985871e-01],
       [ 4.65421383e-01, -1.01011994e-02, -1.19852930e+00,
         8.60753039e-02,  1.05801696e-01, -9.44760903e-02,
         2.41325310e-01,  9.80803809e-02, -5.33449848e-02,
        -2.73025669e-02],
       [-8.20812895e-01,  2.18496213e-02,  2.36910171e+00,
        -1.81895604e-01, -1.67540685e-01,  2.68626456e-01,
        -9.02593329e-01, -5.33449848e-02,  2.23749159e-01,
         1.24412860e-01],
       [-2.99047785e-01,  8.80300239e-03,  8.84349460e-01,
        -1.03210877e-01, -2.08273257e-02,  1.23448291e-01,
        -1.24985871e-01, -2.73025669e-02,  1.24412860e-01,
         3.76038139e-01]]), array([[ 5.75799369e+02, -5.66185046e+00,  1.47621208e+01,
        -5.45173273e+00, -6.07840612e+00,  5.84888316e+00,
         1.89100236e+02,  1.01619127e+02,  5.43719000e+02,
         1.18770873e+03],
       [-5.66185046e+00,  9.59051329e-02, -2.30780976e-01,
         6.81721469e-02,  7.45263918e-02, -7.30503826e-02,
        -8.63416289e+00, -4.17058010e+00, -5.56103431e+00,
        -1.39266178e+01],
       [ 1.47621208e+01, -2.30780976e-01,  2.84266264e+01,
        -2.04488544e+00, -2.05895393e+00,  2.43833086e+00,
         1.77897917e+01,  7.06779660e+00,  3.52057472e+01,
         7.83752709e+01],
       [-5.45173273e+00,  6.81721469e-02, -2.04488544e+00,
         3.15659680e-01,  2.23825370e-01, -3.33765521e-01,
        -4.67283082e+00, -2.01784767e+00, -7.19282740e+00,
        -1.79162827e+01],
       [-6.07840612e+00,  7.45263918e-02, -2.05895393e+00,
         2.23825370e-01,  2.96746851e-01, -3.03191610e-01,
        -5.35678972e+00, -2.35876212e+00, -7.79227759e+00,
        -1.99876296e+01],
       [ 5.84888316e+00, -7.30503826e-02,  2.43833086e+00,
        -3.33765521e-01, -3.03191610e-01,  5.33722036e-01,
         5.12666429e+00,  2.30331793e+00,  7.80982525e+00,
         1.88883213e+01],
       [ 1.89100236e+02, -8.63416289e+00,  1.77897917e+01,
        -4.67283082e+00, -5.35678972e+00,  5.12666429e+00,
         3.75785898e+03,  6.13706114e+02,  1.91845042e+02,
         1.55790465e+03],
       [ 1.01619127e+02, -4.17058010e+00,  7.06779660e+00,
        -2.01784767e+00, -2.35876212e+00,  2.30331793e+00,
         6.13706114e+02,  1.52057045e+03,  9.93032871e+01,
         3.42137181e+02],
       [ 5.43719000e+02, -5.56103431e+00,  3.52057472e+01,
        -7.19282740e+00, -7.79227759e+00,  7.80982525e+00,
         1.91845042e+02,  9.93032871e+01,  5.83947803e+02,
         1.20711344e+03],
       [ 1.18770873e+03, -1.39266178e+01,  7.83752709e+01,
        -1.79162827e+01, -1.99876296e+01,  1.88883213e+01,
         1.55790465e+03,  3.42137181e+02,  1.20711344e+03,
         3.96889471e+03]]), array([[ 5.92759593e+02, -5.90040891e+00,  2.79570946e-18,
        -2.62090279e-18, -1.69797585e-17, -3.55198441e-18,
         1.99621373e+02,  1.05425540e+02,  5.54688307e+02,
         1.21944421e+03],
       [-5.90040891e+00,  1.01004425e-01, -4.47070166e-21,
         4.22780163e-21,  8.93689362e-20,  1.81928103e-20,
        -8.95181150e+00, -4.28020383e+00, -5.72003673e+00,
        -1.43755113e+01],
       [ 2.79570946e-18, -4.47070166e-21,  9.94061350e-36,
        -5.59113520e-36, -1.56836001e-35,  7.80883651e-37,
         1.05811472e-19,  3.66907156e-19, -4.38906468e-20,
         1.60032562e-18],
       [-2.62090279e-18,  4.22780163e-21, -5.59113520e-36,
         8.23522537e-36,  1.57400613e-35, -1.95729636e-37,
        -1.95950872e-20, -1.27127301e-19, -8.35078785e-19,
        -2.44971713e-18],
       [-1.69797585e-17,  8.93689362e-20, -1.56836001e-35,
         1.57400613e-35,  6.65265581e-35,  2.56524066e-37,
         9.89157811e-20, -1.97148373e-19, -7.46068660e-18,
        -1.85110277e-17],
       [-3.55198441e-18,  1.81928103e-20,  7.80883651e-37,
        -1.95729636e-37,  2.56524066e-37,  2.36380763e-36,
        -7.40891410e-20,  2.16149372e-20, -3.56850138e-18,
        -8.51913014e-18],
       [ 1.99621373e+02, -8.95181150e+00,  1.05811472e-19,
        -1.95950872e-20,  9.89157811e-20, -7.40891410e-20,
         3.79837888e+03,  6.20796328e+02,  1.94613545e+02,
         1.58078955e+03],
       [ 1.05425540e+02, -4.28020383e+00,  3.66907156e-19,
        -1.27127301e-19, -1.97148373e-19,  2.16149372e-20,
         6.20796328e+02,  1.53462606e+03,  9.97075665e+01,
         3.45850009e+02],
       [ 5.54688307e+02, -5.72003673e+00, -4.38906468e-20,
        -8.35078785e-19, -7.46068660e-18, -3.56850138e-18,
         1.94613545e+02,  9.97075665e+01,  5.75795753e+02,
         1.19879024e+03],
       [ 1.21944421e+03, -1.43755113e+01,  1.60032562e-18,
        -2.44971713e-18, -1.85110277e-17, -8.51913014e-18,
         1.58078955e+03,  3.45850009e+02,  1.19879024e+03,
         3.97930273e+03]])]
