solve time: 4.7739503383636475

 number of functions evaluations
[10.0, 10.0, 10.0]

 variance
[array([[5.55063030e-04, 1.10126572e-07, 1.87128005e-03, 1.23650568e-03,
        2.10245438e-03, 1.20680903e-03, 6.28224296e-03, 7.92631591e-06,
        2.79402785e-04, 4.36358152e-07],
       [1.10126572e-07, 8.94515969e-11, 1.21865301e-06, 3.84621658e-07,
        2.04398315e-07, 2.59105636e-07, 5.47658384e-06, 6.30427921e-10,
        2.43425870e-07, 3.00373435e-10],
       [1.87128005e-03, 1.21865301e-06, 1.70209557e-02, 5.95957085e-03,
        4.99886056e-03, 4.39776123e-03, 7.52832438e-02, 6.91159659e-06,
        3.34565726e-03, 4.01495261e-06],
       [1.23650568e-03, 3.84621658e-07, 5.95957085e-03, 4.34924474e-03,
        5.41927325e-03, 4.41442583e-03, 2.29162164e-02, 8.02683212e-06,
        1.01994051e-03, 1.33183139e-06],
       [2.10245438e-03, 2.04398315e-07, 4.99886056e-03, 5.41927325e-03,
        9.94744947e-03, 5.86522493e-03, 1.00696605e-02, 1.33482087e-05,
        4.48799169e-04, 8.66162589e-07],
       [1.20680903e-03, 2.59105636e-07, 4.39776123e-03, 4.41442583e-03,
        5.86522493e-03, 4.68723976e-03, 1.46822601e-02, 7.99219117e-06,
        6.53107371e-04, 9.04494162e-07],
       [6.28224296e-03, 5.47658384e-06, 7.52832438e-02, 2.29162164e-02,
        1.00696605e-02, 1.46822601e-02, 3.24669195e-01, 1.85943288e-06,
        1.44313391e-02, 1.77507589e-05],
       [7.92631591e-06, 6.30427921e-10, 6.91159659e-06, 8.02683212e-06,
        1.33482087e-05, 7.99219117e-06, 1.85943288e-06, 7.52458372e-07,
        5.60771970e-08, 1.36348673e-08],
       [2.79402785e-04, 2.43425870e-07, 3.34565726e-03, 1.01994051e-03,
        4.48799169e-04, 6.53107371e-04, 1.44313391e-02, 5.60771970e-08,
        6.41254458e-04, 7.81905818e-07],
       [4.36358152e-07, 3.00373435e-10, 4.01495261e-06, 1.33183139e-06,
        8.66162589e-07, 9.04494162e-07, 1.77507589e-05, 1.36348673e-08,
        7.81905818e-07, 1.92209530e-09]]), array([[5.64784241e+05, 2.35712065e+01, 3.53898082e+01, 1.70991427e+01,
        5.04125194e+01, 1.48112983e+01, 2.71782368e+05, 3.27042152e+02,
        7.91532281e+05, 1.50927062e+06],
       [2.35712065e+01, 1.02665020e-02, 1.34392345e-02, 3.99628577e-03,
        2.52632817e-03, 2.61316742e-03, 2.18205012e+02, 2.63958268e+01,
        3.22085772e+01, 4.76192627e+01],
       [3.53898082e+01, 1.34392345e-02, 1.70251650e-02, 5.72909237e-03,
        4.56375096e-03, 4.08242222e-03, 2.57903992e+02, 2.08938425e-01,
        4.93173850e+01, 1.09677168e+02],
       [1.70991427e+01, 3.99628577e-03, 5.72909237e-03, 3.65387482e-03,
        4.30169907e-03, 3.54616822e-03, 7.52932308e+01, 2.15179114e+00,
        1.68665291e+01, 1.16100395e+02],
       [5.04125194e+01, 2.52632817e-03, 4.56375096e-03, 4.30169907e-03,
        8.27046542e-03, 4.53167944e-03, 3.35887312e+01, 8.33136273e-01,
        7.23329632e+01, 2.02352361e+02],
       [1.48112983e+01, 2.61316742e-03, 4.08242222e-03, 3.54616822e-03,
        4.53167944e-03, 3.66519388e-03, 4.94504483e+01, 2.98739675e-01,
        1.18334049e+01, 1.30246887e+02],
       [2.71782368e+05, 2.18205012e+02, 2.57903992e+02, 7.52932308e+01,
        3.35887312e+01, 4.94504483e+01, 1.85660446e+07, 9.76030989e+06,
        3.12297227e+05, 3.47659382e+06],
       [3.27042152e+02, 2.63958268e+01, 2.08938425e-01, 2.15179114e+00,
        8.33136273e-01, 2.98739675e-01, 9.76030989e+06, 5.70423371e+07,
        2.16728587e+02, 8.56061001e+05],
       [7.91532281e+05, 3.22085772e+01, 4.93173850e+01, 1.68665291e+01,
        7.23329632e+01, 1.18334049e+01, 3.12297227e+05, 2.16728587e+02,
        1.31723346e+06, 1.36305875e+06],
       [1.50927062e+06, 4.76192627e+01, 1.09677168e+02, 1.16100395e+02,
        2.02352361e+02, 1.30246887e+02, 3.47659382e+06, 8.56061001e+05,
        1.36305875e+06, 7.62942207e+06]]), array([[5.76031806e+05, 2.42921534e+01, 6.35501231e-34, 5.82977773e-34,
        3.09145156e-33, 3.36123435e-35, 2.86056234e+05, 3.28163145e+02,
        7.98952734e+05, 1.52728012e+06],
       [2.42921534e+01, 1.06713832e-02, 1.68884214e-38, 1.53865595e-38,
        8.36635381e-38, 7.64619458e-40, 2.28337189e+02, 2.64151510e+01,
        3.23774869e+01, 4.85057037e+01],
       [6.35501231e-34, 1.68884214e-38, 7.81166057e-73, 6.89287409e-73,
        3.93295525e-72, 2.52317044e-74, 8.30470528e-36, 4.48717390e-40,
        1.05744005e-33, 1.00632468e-33],
       [5.82977773e-34, 1.53865595e-38, 6.89287409e-73, 6.08212804e-73,
        3.47989166e-72, 2.40793682e-74, 1.68364809e-36, 8.69544161e-40,
        9.52022504e-34, 1.04001579e-33],
       [3.09145156e-33, 8.36635381e-38, 3.93295525e-72, 3.47989166e-72,
        1.96406328e-71, 1.25484573e-73, 8.05471338e-37, 3.58831905e-40,
        5.21613789e-33, 4.42411380e-33],
       [3.36123435e-35, 7.64619458e-40, 2.52317044e-74, 2.40793682e-74,
        1.25484573e-73, 3.20251032e-75, 2.82377334e-38, 5.12482039e-40,
        4.25797597e-35, 1.60946690e-34],
       [2.86056234e+05, 2.28337189e+02, 8.30470528e-36, 1.68364809e-36,
        8.05471338e-37, 2.82377334e-38, 1.86944949e+07, 9.77886957e+06,
        3.14944817e+05, 3.49032000e+06],
       [3.28163145e+02, 2.64151510e+01, 4.48717390e-40, 8.69544161e-40,
        3.58831905e-40, 5.12482039e-40, 9.77886957e+06, 5.71524975e+07,
        2.06217369e+02, 8.54559049e+05],
       [7.98952734e+05, 3.23774869e+01, 1.05744005e-33, 9.52022504e-34,
        5.21613789e-33, 4.25797597e-35, 3.14944817e+05, 2.06217369e+02,
        1.31681899e+06, 1.36334940e+06],
       [1.52728012e+06, 4.85057037e+01, 1.00632468e-33, 1.04001579e-33,
        4.42411380e-33, 1.60946690e-34, 3.49032000e+06, 8.54559049e+05,
        1.36334940e+06, 7.64483675e+06]])]

 max variance
[0.3246691946004236, 57042337.052816585, 57152497.47941478]

 cost matrix
[array([[ 1.79661512e-02, -2.02759133e-04, -2.97374404e-02,
         2.37430238e-02,  3.12113681e-02, -2.15585384e-02,
         2.64955043e-02,  1.26939637e-03, -5.53895687e-03,
        -3.33551761e-04],
       [-2.02759133e-04,  3.78112285e-06,  4.73371078e-04,
        -3.14447022e-04, -3.06866653e-04,  2.68827276e-04,
        -7.55999597e-04, -1.19153555e-05,  1.58621518e-04,
         6.41708675e-06],
       [-2.97374404e-02,  4.73371078e-04,  6.40638863e-02,
        -4.44352904e-02, -4.94556425e-02,  3.85115039e-02,
        -8.87421334e-02, -1.47524047e-03,  1.86357204e-02,
         8.02237730e-04],
       [ 2.37430238e-02, -3.14447022e-04, -4.44352904e-02,
         3.83900315e-02,  4.33891382e-02, -3.51767556e-02,
         5.08013098e-02,  1.78919881e-03, -1.06006729e-02,
        -5.64768909e-04],
       [ 3.12113681e-02, -3.06866653e-04, -4.94556425e-02,
         4.33891382e-02,  5.94068367e-02, -4.01985253e-02,
         3.49313247e-02,  2.04122643e-03, -7.24405682e-03,
        -4.47512653e-04],
       [-2.15585384e-02,  2.68827276e-04,  3.85115039e-02,
        -3.51767556e-02, -4.01985253e-02,  3.34144362e-02,
        -4.02082238e-02, -1.54936237e-03,  8.40938441e-03,
         4.81437645e-04],
       [ 2.64955043e-02, -7.55999597e-04, -8.87421334e-02,
         5.08013098e-02,  3.49313247e-02, -4.02082238e-02,
         1.83226491e-01,  8.68264218e-04, -3.84452830e-02,
        -1.32177241e-03],
       [ 1.26939637e-03, -1.19153555e-05, -1.47524047e-03,
         1.78919881e-03,  2.04122643e-03, -1.54936237e-03,
         8.68264218e-04,  4.52309848e-04, -1.56239411e-04,
        -6.37128474e-05],
       [-5.53895687e-03,  1.58621518e-04,  1.86357204e-02,
        -1.06006729e-02, -7.24405682e-03,  8.40938441e-03,
        -3.84452830e-02, -1.56239411e-04,  8.07856277e-03,
         2.83301585e-04],
       [-3.33551761e-04,  6.41708675e-06,  8.02237730e-04,
        -5.64768909e-04, -4.47512653e-04,  4.81437645e-04,
        -1.32177241e-03, -6.37128474e-05,  2.83301585e-04,
         3.01299480e-05]]), array([[ 4.84496807e+02, -3.33689203e+00,  4.17818108e+00,
        -3.13362385e+00, -4.61419525e+00,  2.75075604e+00,
         1.82466278e+02,  9.87992101e+00,  4.82644169e+02,
         9.76124480e+02],
       [-3.33689203e+00,  4.96400906e-02, -5.08857855e-02,
         3.26720724e-02,  3.35309785e-02, -2.62811104e-02,
        -8.64427007e+00, -2.29506907e+00, -3.45696229e+00,
        -7.88770411e+00],
       [ 4.17818108e+00, -5.08857855e-02,  6.21802752e-02,
        -4.20401767e-02, -4.63839567e-02,  3.62011459e-02,
         5.41455983e+00,  1.83073657e-01,  4.33597188e+00,
         8.10954195e+00],
       [-3.13362385e+00,  3.26720724e-02, -4.20401767e-02,
         3.47091514e-02,  3.92208069e-02, -3.18758806e-02,
        -3.92413411e+00, -5.96017302e-01, -2.97439878e+00,
        -7.54195524e+00],
       [-4.61419525e+00,  3.35309785e-02, -4.63839567e-02,
         3.92208069e-02,  5.41564693e-02, -3.61732797e-02,
        -2.43484919e+00, -3.58003280e-01, -4.70346081e+00,
        -9.65001949e+00],
       [ 2.75075604e+00, -2.62811104e-02,  3.62011459e-02,
        -3.18758806e-02, -3.61732797e-02,  3.01200708e-02,
         2.64453132e+00,  2.17374750e-01,  2.51124015e+00,
         6.72212257e+00],
       [ 1.82466278e+02, -8.64427007e+00,  5.41455983e+00,
        -3.92413411e+00, -2.43484919e+00,  2.64453132e+00,
         4.36909385e+03,  1.36555847e+03,  1.96676204e+02,
         1.69156977e+03],
       [ 9.87992101e+00, -2.29506907e+00,  1.83073657e-01,
        -5.96017302e-01, -3.58003280e-01,  2.17374750e-01,
         1.36555847e+03,  2.52373032e+03,  8.44746812e+00,
         4.21141311e+02],
       [ 4.82644169e+02, -3.45696229e+00,  4.33597188e+00,
        -2.97439878e+00, -4.70346081e+00,  2.51124015e+00,
         1.96676204e+02,  8.44746812e+00,  5.25328952e+02,
         8.61693690e+02],
       [ 9.76124480e+02, -7.88770411e+00,  8.10954195e+00,
        -7.54195524e+00, -9.65001949e+00,  6.72212257e+00,
         1.69156977e+03,  4.21141311e+02,  8.61693690e+02,
         3.08515185e+03]]), array([[ 4.89957989e+02, -3.38429304e+00,  7.33187694e-18,
        -6.21389887e-18, -1.76540448e-17,  3.40772362e-19,
         1.87342103e+02,  1.07937474e+01,  4.84679468e+02,
         9.81910416e+02],
       [-3.38429304e+00,  5.04169622e-02, -4.10809617e-20,
         3.43214809e-20,  9.05775305e-20, -2.96480407e-21,
        -8.77155699e+00, -2.30073521e+00, -3.46691813e+00,
        -7.93606275e+00],
       [ 7.33187694e-18, -4.10809617e-20,  2.91507715e-37,
        -2.79629904e-37, -6.26267786e-37,  6.28222614e-38,
        -3.63688960e-19, -3.14966610e-21,  9.82274459e-18,
         7.34233111e-18],
       [-6.21389887e-18,  3.43214809e-20, -2.79629904e-37,
         2.72586203e-37,  5.88238112e-37, -6.71059917e-38,
         2.27047458e-19,  6.86063866e-21, -8.71554857e-18,
        -4.75082534e-18],
       [-1.76540448e-17,  9.05775305e-20, -6.26267786e-37,
         5.88238112e-37,  1.40173835e-36, -1.10666223e-37,
         2.87914349e-19, -5.33410559e-21, -2.28742555e-17,
        -2.13813968e-17],
       [ 3.40772362e-19, -2.96480407e-21,  6.28222614e-38,
        -6.71059917e-38, -1.10666223e-37,  2.56899740e-38,
        -6.69374511e-20, -8.65157287e-21,  1.01694266e-18,
        -1.65180179e-18],
       [ 1.87342103e+02, -8.77155699e+00, -3.63688960e-19,
         2.27047458e-19,  2.87914349e-19, -6.69374511e-20,
         4.39460890e+03,  1.36688129e+03,  1.97537922e+02,
         1.69905756e+03],
       [ 1.07937474e+01, -2.30073521e+00, -3.14966610e-21,
         6.86063866e-21, -5.33410559e-21, -8.65157287e-21,
         1.36688129e+03,  2.52617098e+03,  8.94202463e+00,
         4.23711055e+02],
       [ 4.84679468e+02, -3.46691813e+00,  9.82274459e-18,
        -8.71554857e-18, -2.28742555e-17,  1.01694266e-18,
         1.97537922e+02,  8.94202463e+00,  5.23984238e+02,
         8.60661934e+02],
       [ 9.81910416e+02, -7.93606275e+00,  7.34233111e-18,
        -4.75082534e-18, -2.13813968e-17, -1.65180179e-18,
         1.69905756e+03,  4.23711055e+02,  8.60661934e+02,
         3.08727855e+03]])]
