solve time: 67.08487915992737

 number of functions evaluations
[1000.0, 1000.0, 1000.0]

 variance
[array([[4.31926287e+03, 1.85633824e+00, 2.77727654e+04, 1.14180631e+02,
        9.70697623e+01, 4.32854299e+02, 3.24463443e+02, 4.46378551e+02,
        1.90320330e+01, 6.52699033e+01],
       [1.85633824e+00, 9.73810245e-04, 1.27361073e+01, 3.70758478e-02,
        2.86374208e-02, 1.19230256e-01, 2.40426283e-01, 9.94449656e-01,
        1.58850608e-02, 4.54750540e-02],
       [2.77727654e+04, 1.27361073e+01, 1.82596098e+05, 6.59831873e+02,
        5.45104690e+02, 2.39503180e+03, 2.57198947e+03, 5.07974522e+03,
        1.50237241e+02, 4.62287265e+02],
       [1.14180631e+02, 3.70758478e-02, 6.59831873e+02, 7.51055072e+00,
        4.70019733e+00, 2.77912945e+01, 1.52466573e+01, 1.22051149e+01,
        8.78136418e-01, 1.73658974e+00],
       [9.70697623e+01, 2.86374208e-02, 5.45104690e+02, 4.70019733e+00,
        7.78020214e+00, 1.87420682e+01, 1.30219390e+01, 4.02387455e+01,
        8.41490574e-01, 2.22511724e+00],
       [4.32854299e+02, 1.19230256e-01, 2.39503180e+03, 2.77912945e+01,
        1.87420682e+01, 1.31712558e+02, 3.74952827e+01, 6.74709744e+00,
        2.55682058e+00, 6.52628194e+00],
       [3.24463443e+02, 2.40426283e-01, 2.57198947e+03, 1.52466573e+01,
        1.30219390e+01, 3.74952827e+01, 6.17504281e+02, 1.92503365e+02,
        2.41841055e+01, 6.57160248e+00],
       [4.46378551e+02, 9.94449656e-01, 5.07974522e+03, 1.22051149e+01,
        4.02387455e+01, 6.74709744e+00, 1.92503365e+02, 1.38303890e+04,
        8.52169024e+01, 3.54276593e+02],
       [1.90320330e+01, 1.58850608e-02, 1.50237241e+02, 8.78136418e-01,
        8.41490574e-01, 2.55682058e+00, 2.41841055e+01, 8.52169024e+01,
        1.40340063e+00, 2.30334339e+00],
       [6.52699033e+01, 4.54750540e-02, 4.62287265e+02, 1.73658974e+00,
        2.22511724e+00, 6.52628194e+00, 6.57160248e+00, 3.54276593e+02,
        2.30334339e+00, 9.88883959e+00]]), array([[9.42589420e+05, 8.12717982e+01, 3.83775687e+03, 1.43569415e+02,
        1.37254302e+02, 2.72118522e+02, 1.26885544e+05, 1.26484534e+05,
        7.16487118e+05, 2.00815783e+06],
       [8.12717982e+01, 2.24073681e-02, 7.69148933e-01, 2.14036752e-02,
        2.38011112e-02, 4.23905248e-02, 2.08302506e+02, 1.86592039e+02,
        7.95146584e+01, 2.51547053e+02],
       [3.83775687e+03, 7.69148933e-01, 4.29829253e+04, 4.89465463e+02,
        2.97184844e+02, 2.38314865e+03, 4.73618033e+03, 2.64594258e+03,
        4.01691190e+04, 9.30014351e+04],
       [1.43569415e+02, 2.14036752e-02, 4.89465463e+02, 6.42554864e+00,
        3.55535927e+00, 2.98985495e+01, 1.12496753e+02, 9.73347582e+01,
        6.18716811e+02, 1.52303989e+03],
       [1.37254302e+02, 2.38011112e-02, 2.97184844e+02, 3.55535927e+00,
        3.59049811e+00, 1.72188682e+01, 2.23182440e+02, 1.19468921e+02,
        4.81382995e+02, 1.64572913e+03],
       [2.72118522e+02, 4.23905248e-02, 2.38314865e+03, 2.98985495e+01,
        1.72188682e+01, 1.51946214e+02, 3.78915636e+02, 2.70063595e+02,
        2.18722904e+03, 4.35928427e+03],
       [1.26885544e+05, 2.08302506e+02, 4.73618033e+03, 1.12496753e+02,
        2.23182440e+02, 3.78915636e+02, 3.63042134e+07, 2.50125118e+06,
        1.30509490e+05, 3.84698388e+06],
       [1.26484534e+05, 1.86592039e+02, 2.64594258e+03, 9.73347582e+01,
        1.19468921e+02, 2.70063595e+02, 2.50125118e+06, 4.89513261e+07,
        1.17260437e+05, 7.13344455e+05],
       [7.16487118e+05, 7.95146584e+01, 4.01691190e+04, 6.18716811e+02,
        4.81382995e+02, 2.18722904e+03, 1.30509490e+05, 1.17260437e+05,
        8.97974990e+05, 2.00266317e+06],
       [2.00815783e+06, 2.51547053e+02, 9.30014351e+04, 1.52303989e+03,
        1.64572913e+03, 4.35928427e+03, 3.84698388e+06, 7.13344455e+05,
        2.00266317e+06, 1.40918594e+07]]), array([[9.61501010e+05, 8.38249999e+01, 4.15879685e-32, 5.23723411e-33,
        1.24774869e-32, 6.59952639e-33, 1.31631027e+05, 1.30877447e+05,
        7.28067963e+05, 2.04488080e+06],
       [8.38249999e+01, 2.35622189e-02, 2.97406144e-36, 3.89618181e-37,
        1.42955118e-36, 3.50846637e-37, 2.15741849e+02, 1.94108646e+02,
        8.16697919e+01, 2.57836732e+02],
       [4.15879685e-32, 2.97406144e-36, 1.14201637e-67, 2.46518704e-69,
        1.47964788e-68, 4.31517665e-69, 2.66961372e-34, 8.90590965e-35,
        3.94689942e-32, 1.40144075e-31],
       [5.23723411e-33, 3.89618181e-37, 2.46518704e-69, 3.97188133e-70,
        3.00540925e-70, 2.63506540e-70, 6.28587883e-35, 3.55949228e-36,
        5.17247686e-33, 1.63469118e-32],
       [1.24774869e-32, 1.42955118e-36, 1.47964788e-68, 3.00540925e-70,
        6.98129765e-69, 7.86136913e-70, 1.37395391e-33, 1.16792543e-35,
        1.09721756e-32, 5.10837678e-32],
       [6.59952639e-33, 3.50846637e-37, 4.31517665e-69, 2.63506540e-70,
        7.86136913e-70, 1.92137211e-69, 3.62730882e-35, 3.07982240e-36,
        8.87781759e-33, 2.15718003e-32],
       [1.31631027e+05, 2.15741849e+02, 2.66961372e-34, 6.28587883e-35,
        1.37395391e-33, 3.62730882e-35, 3.67060287e+07, 2.53739958e+06,
        1.29990284e+05, 3.86033329e+06],
       [1.30877447e+05, 1.94108646e+02, 8.90590965e-35, 3.55949228e-36,
        1.16792543e-35, 3.07982240e-36, 2.53739958e+06, 5.00992109e+07,
        1.16209531e+05, 7.11668371e+05],
       [7.28067963e+05, 8.16697919e+01, 3.94689942e-32, 5.17247686e-33,
        1.09721756e-32, 8.87781759e-33, 1.29990284e+05, 1.16209531e+05,
        8.75965283e+05, 1.98245674e+06],
       [2.04488080e+06, 2.57836732e+02, 1.40144075e-31, 1.63469118e-32,
        5.10837678e-32, 2.15718003e-32, 3.86033329e+06, 7.11668371e+05,
        1.98245674e+06, 1.43573593e+07]])]

 max variance
[182596.09819983944, 48951326.10680234, 50099210.90420337]

 cost matrix
[array([[ 6.24611791e+00, -1.21458967e-01, -1.53501965e+01,
         1.34210090e+00,  1.31054114e+00, -1.88931387e+00,
         2.01316559e+00,  9.40640368e-01, -2.07427442e-01,
         2.20623428e-01],
       [-1.21458967e-01,  2.65083008e-03,  3.10238301e-01,
        -2.43048907e-02, -2.30704602e-02,  3.25866179e-02,
        -5.03110909e-02, -3.83341852e-02,  7.53197183e-03,
        -9.65383446e-04],
       [-1.53501965e+01,  3.10238301e-01,  3.83282937e+01,
        -3.13582333e+00, -3.03536646e+00,  4.33802810e+00,
        -5.41682777e+00, -2.96028578e+00,  6.40175226e-01,
        -4.46500135e-01],
       [ 1.34210090e+00, -2.43048907e-02, -3.13582333e+00,
         4.73752830e-01,  4.03391933e-01, -6.13262892e-01,
         5.42626653e-01,  1.77201209e-01, -7.17962746e-02,
         2.29629575e-02],
       [ 1.31054114e+00, -2.30704602e-02, -3.03536646e+00,
         4.03391933e-01,  5.13555672e-01, -6.03394064e-01,
         5.42143216e-01,  2.60001198e-01, -7.97343315e-02,
        -1.16642790e-04],
       [-1.88931387e+00,  3.25866179e-02,  4.33802810e+00,
        -6.13262892e-01, -6.03394064e-01,  1.06403449e+00,
        -7.53572696e-01, -1.61988901e-01,  6.74036218e-02,
        -7.68130943e-02],
       [ 2.01316559e+00, -5.03110909e-02, -5.41682777e+00,
         5.42626653e-01,  5.42143216e-01, -7.53572696e-01,
         2.21939137e+00,  5.69979244e-01, -4.11460790e-01,
        -6.46466803e-02],
       [ 9.40640368e-01, -3.83341852e-02, -2.96028578e+00,
         1.77201209e-01,  2.60001198e-01, -1.61988901e-01,
         5.69979244e-01,  3.78431134e+00, -3.13095067e-01,
        -5.88080626e-01],
       [-2.07427442e-01,  7.53197183e-03,  6.40175226e-01,
        -7.17962746e-02, -7.97343315e-02,  6.74036218e-02,
        -4.11460790e-01, -3.13095067e-01,  1.06542822e-01,
         7.36611403e-02],
       [ 2.20623428e-01, -9.65383446e-04, -4.46500135e-01,
         2.29629575e-02, -1.16642790e-04, -7.68130943e-02,
        -6.46466803e-02, -5.88080626e-01,  7.36611403e-02,
         1.51541786e-01]]), array([[ 6.30243351e+02, -6.25792620e+00,  1.29812269e+01,
        -5.84289106e+00, -6.35857289e+00,  6.28359176e+00,
         1.89917873e+02,  1.00735938e+02,  5.92402850e+02,
         1.28850897e+03],
       [-6.25792620e+00,  1.03603794e-01, -1.71252746e-01,
         6.93300507e-02,  7.76376480e-02, -7.62018852e-02,
        -8.75494472e+00, -3.94406941e+00, -6.18383319e+00,
        -1.50551965e+01],
       [ 1.29812269e+01, -1.71252746e-01,  1.48219211e+01,
        -1.62751010e+00, -1.46949983e+00,  2.74508429e+00,
         9.27568366e+00,  5.03222128e+00,  2.46802217e+01,
         5.33290218e+01],
       [-5.84289106e+00,  6.93300507e-02, -1.62751010e+00,
         2.78734698e-01,  2.29782110e-01, -4.05247300e-01,
        -4.13584463e+00, -1.87961964e+00, -7.37145087e+00,
        -1.75339759e+01],
       [-6.35857289e+00,  7.76376480e-02, -1.46949983e+00,
         2.29782110e-01,  2.82644713e-01, -3.82501186e-01,
        -5.24199334e+00, -2.29796193e+00, -7.62174533e+00,
        -1.90288136e+01],
       [ 6.28359176e+00, -7.62018852e-02,  2.74508429e+00,
        -4.05247300e-01, -3.82501186e-01,  7.60983789e-01,
         5.30513263e+00,  2.29480329e+00,  8.44607727e+00,
         1.97343897e+01],
       [ 1.89917873e+02, -8.75494472e+00,  9.27568366e+00,
        -4.13584463e+00, -5.24199334e+00,  5.30513263e+00,
         3.73101810e+03,  5.15514841e+02,  1.90041542e+02,
         1.54467997e+03],
       [ 1.00735938e+02, -3.94406941e+00,  5.03222128e+00,
        -1.87961964e+00, -2.29796193e+00,  2.29480329e+00,
         5.15514841e+02,  1.39705975e+03,  9.61195256e+01,
         3.26439917e+02],
       [ 5.92402850e+02, -6.18383319e+00,  2.46802217e+01,
        -7.37145087e+00, -7.62174533e+00,  8.44607727e+00,
         1.90041542e+02,  9.61195256e+01,  6.21470977e+02,
         1.29311304e+03],
       [ 1.28850897e+03, -1.50551965e+01,  5.33290218e+01,
        -1.75339759e+01, -1.90288136e+01,  1.97343897e+01,
         1.54467997e+03,  3.26439917e+02,  1.29311304e+03,
         4.10547150e+03]]), array([[ 6.43914674e+02, -6.42400228e+00,  1.77829208e-18,
         3.51566882e-19,  3.68206340e-18,  4.44595421e-19,
         1.96756140e+02,  1.03314106e+02,  5.99407349e+02,
         1.31040669e+03],
       [-6.42400228e+00,  1.06848108e-01,  1.17167965e-20,
        -1.12344749e-20, -3.83326036e-20,  1.22909228e-20,
        -8.94818704e+00, -4.02638337e+00, -6.27020205e+00,
        -1.53165906e+01],
       [ 1.77829208e-18,  1.17167965e-20,  2.66565209e-35,
        -2.60295158e-36, -4.24810715e-36,  4.47375810e-36,
        -4.89859832e-21, -2.60186016e-19, -8.89783616e-19,
         3.32904077e-18],
       [ 3.51566882e-19, -1.12344749e-20, -2.60295158e-36,
         2.69409794e-36,  7.55244503e-37, -1.47566080e-36,
         2.44060518e-20,  3.14232262e-20,  8.23399329e-19,
         1.41299212e-18],
       [ 3.68206340e-18, -3.83326036e-20, -4.24810715e-36,
         7.55244503e-37,  8.03862180e-36, -1.72555746e-36,
         7.93561775e-19,  3.18540371e-20,  2.34649944e-18,
         9.14847409e-18],
       [ 4.44595421e-19,  1.22909228e-20,  4.47375810e-36,
        -1.47566080e-36, -1.72555746e-36,  4.00595756e-36,
        -3.04877312e-20, -1.20137477e-19, -1.29053411e-18,
         3.47460179e-19],
       [ 1.96756140e+02, -8.94818704e+00, -4.89859832e-21,
         2.44060518e-20,  7.93561775e-19, -3.04877312e-20,
         3.76170213e+03,  5.20684379e+02,  1.92087500e+02,
         1.56292043e+03],
       [ 1.03314106e+02, -4.02638337e+00, -2.60186016e-19,
         3.14232262e-20,  3.18540371e-20, -1.20137477e-19,
         5.20684379e+02,  1.41385059e+03,  9.60443198e+01,
         3.28801399e+02],
       [ 5.99407349e+02, -6.27020205e+00, -8.89783616e-19,
         8.23399329e-19,  2.34649944e-18, -1.29053411e-18,
         1.92087500e+02,  9.60443198e+01,  6.14015113e+02,
         1.28517544e+03],
       [ 1.31040669e+03, -1.53165906e+01,  3.32904077e-18,
         1.41299212e-18,  9.14847409e-18,  3.47460179e-19,
         1.56292043e+03,  3.28801399e+02,  1.28517544e+03,
         4.11373947e+03]])]
