solve time: 2.1879584789276123

 number of functions evaluations
[10.0, 10.0, 10.0]

 variance
[array([[2.41202622e+00, 2.22654082e-04, 7.78762002e+00, 4.10380811e-01,
        1.31744488e+01, 5.52131522e+00, 1.52485809e-01, 1.36444870e-02,
        6.46738174e-03, 1.90464154e-04],
       [2.22654082e-04, 6.30146011e-08, 8.10332621e-04, 1.44981656e-04,
        1.12932193e-03, 5.23476396e-04, 2.54321020e-04, 2.28810254e-05,
        8.36821304e-06, 2.57976959e-07],
       [7.78762002e+00, 8.10332621e-04, 2.53463467e+01, 1.72727773e+00,
        4.22817969e+01, 1.77259150e+01, 9.48463871e-01, 9.00221034e-02,
        4.17051633e-02, 1.23921011e-03],
       [4.10380811e-01, 1.44981656e-04, 1.72727773e+00, 5.27175257e-01,
        1.74372786e+00, 7.66068204e-01, 4.76775446e-01, 4.51600790e-02,
        2.26926998e-02, 6.11126511e-04],
       [1.31744488e+01, 1.12932193e-03, 4.22817969e+01, 1.74372786e+00,
        7.13945226e+01, 3.00499737e+01, 2.63511965e-01, 1.91047298e-02,
        5.99289397e-03, 2.80182930e-04],
       [5.52131522e+00, 5.23476396e-04, 1.77259150e+01, 7.66068204e-01,
        3.00499737e+01, 1.26312451e+01, 5.37910558e-01, 4.80168413e-02,
        1.32608249e-02, 5.33666231e-04],
       [1.52485809e-01, 2.54321020e-04, 9.48463871e-01, 4.76775446e-01,
        2.63511965e-01, 5.37910558e-01, 1.23084194e+00, 1.14315234e-01,
        3.58294422e-02, 1.51528320e-03],
       [1.36444870e-02, 2.28810254e-05, 9.00221034e-02, 4.51600790e-02,
        1.91047298e-02, 4.80168413e-02, 1.14315234e-01, 1.00732321e-02,
        3.36159120e-03, 1.18704117e-04],
       [6.46738174e-03, 8.36821304e-06, 4.17051633e-02, 2.26926998e-02,
        5.99289397e-03, 1.32608249e-02, 3.58294422e-02, 3.36159120e-03,
        1.25422714e-03, 4.24344944e-05],
       [1.90464154e-04, 2.57976959e-07, 1.23921011e-03, 6.11126511e-04,
        2.80182930e-04, 5.33666231e-04, 1.51528320e-03, 1.18704117e-04,
        4.24344944e-05, 1.54055990e-05]]), array([[8.71663560e+04, 1.16056279e+01, 6.67830712e+02, 5.56521824e+01,
        1.14872109e+03, 4.95608705e+02, 1.85453378e+05, 5.07729137e+04,
        5.96003136e+04, 1.36945201e+06],
       [1.16056279e+01, 1.83582551e-02, 7.73734930e-02, 5.00714765e-02,
        3.10897927e-02, 1.46724754e-02, 2.78887208e+02, 1.20120010e+02,
        2.18528396e+01, 1.28867529e+02],
       [6.67830712e+02, 7.73734930e-02, 1.75070562e+01, 9.43397866e-01,
        3.04837392e+01, 1.28387072e+01, 5.71936313e+02, 4.77945879e+02,
        6.64428159e+02, 1.85298241e+04],
       [5.56521824e+01, 5.00714765e-02, 9.43397866e-01, 2.27432113e-01,
        1.30337554e+00, 5.42625676e-01, 4.71976656e+02, 3.72673890e+02,
        9.80178327e+01, 9.14253976e+02],
       [1.14872109e+03, 3.10897927e-02, 3.04837392e+01, 1.30337554e+00,
        5.28331691e+01, 2.23217330e+01, 1.14951863e+02, 1.02938085e+02,
        1.05463393e+03, 3.26203056e+04],
       [4.95608705e+02, 1.46724754e-02, 1.28387072e+01, 5.42625676e-01,
        2.23217330e+01, 9.38492605e+00, 2.69948951e+02, 2.52233596e+02,
        4.47578889e+02, 1.37396311e+04],
       [1.85453378e+05, 2.78887208e+02, 5.71936313e+02, 4.71976656e+02,
        1.14951863e+02, 2.69948951e+02, 5.59710021e+07, 3.65915436e+06,
        2.59210601e+05, 5.16586834e+06],
       [5.07729137e+04, 1.20120010e+02, 4.77945879e+02, 3.72673890e+02,
        1.02938085e+02, 2.52233596e+02, 3.65915436e+06, 8.24135317e+06,
        1.26401889e+05, 6.04387553e+05],
       [5.96003136e+04, 2.18528396e+01, 6.64428159e+02, 9.80178327e+01,
        1.05463393e+03, 4.47578889e+02, 2.59210601e+05, 1.26401889e+05,
        5.74678105e+04, 9.65405068e+05],
       [1.36945201e+06, 1.28867529e+02, 1.85298241e+04, 9.14253976e+02,
        3.26203056e+04, 1.37396311e+04, 5.16586834e+06, 6.04387553e+05,
        9.65405068e+05, 2.34899764e+07]]), array([[9.74881196e+04, 1.23174798e+01, 6.52587918e-35, 4.12463452e-36,
        5.91579215e-34, 1.56771473e-34, 1.90082590e+05, 5.55259226e+04,
        6.36621618e+04, 1.49645517e+06],
       [1.23174798e+01, 1.93087822e-02, 3.96406280e-39, 4.35489649e-40,
        1.49139431e-38, 4.44068720e-39, 2.85926108e+02, 1.27144021e+02,
        2.20432320e+01, 1.31892664e+02],
       [6.52587918e-35, 3.96406280e-39, 6.97322847e-74, 9.06944857e-75,
        9.57967337e-73, 1.52599047e-73, 1.97522921e-35, 1.50779992e-35,
        5.40575475e-35, 1.46760559e-33],
       [4.12463452e-36, 4.35489649e-40, 9.06944857e-75, 3.94000764e-75,
        1.48775797e-73, 2.60806522e-75, 3.17546850e-36, 2.19318493e-36,
        5.84416202e-36, 1.16783302e-34],
       [5.91579215e-34, 1.49139431e-38, 9.57967337e-73, 1.48775797e-73,
        8.90033064e-72, 1.55824039e-72, 1.43331144e-36, 4.17108744e-38,
        5.63655234e-34, 1.50678142e-32],
       [1.56771473e-34, 4.44068720e-39, 1.52599047e-73, 2.60806522e-75,
        1.55824039e-72, 4.03064354e-73, 6.71589234e-37, 5.20706278e-37,
        1.16827504e-34, 3.47026535e-33],
       [1.90082590e+05, 2.85926108e+02, 1.97522921e-35, 3.17546850e-36,
        1.43331144e-36, 6.71589234e-37, 5.70361975e+07, 3.73469368e+06,
        2.60562010e+05, 5.17595531e+06],
       [5.55259226e+04, 1.27144021e+02, 1.50779992e-35, 2.19318493e-36,
        4.17108744e-38, 5.20706278e-37, 3.73469368e+06, 8.36371402e+06,
        1.26668519e+05, 6.11234154e+05],
       [6.36621618e+04, 2.20432320e+01, 5.40575475e-35, 5.84416202e-36,
        5.63655234e-34, 1.16827504e-34, 2.60562010e+05, 1.26668519e+05,
        5.59762400e+04, 9.72111707e+05],
       [1.49645517e+06, 1.31892664e+02, 1.46760559e-33, 1.16783302e-34,
        1.50678142e-32, 3.47026535e-33, 5.17595531e+06, 6.11234154e+05,
        9.72111707e+05, 2.38043056e+07]])]

 max variance
[71.39452264946017, 55971002.09693079, 57036197.541358635]

 cost matrix
[array([[ 5.99746300e-01, -7.72573430e-03, -1.13203816e+00,
         3.65767241e-01,  1.24698169e+00, -8.71786497e-01,
         2.36641910e-01,  5.76450748e-02, -4.36899143e-02,
        -6.52413025e-03],
       [-7.72573430e-03,  1.56416783e-04,  1.61068950e-02,
        -7.32312101e-03, -1.36829681e-02,  1.12776916e-02,
        -8.06092914e-03, -2.25367855e-03,  1.47481899e-03,
         2.66658635e-04],
       [-1.13203816e+00,  1.61068950e-02,  2.20168941e+00,
        -7.74954778e-01, -2.27697990e+00,  1.62264038e+00,
        -6.06787681e-01, -1.49212471e-01,  1.12941827e-01,
         1.80203620e-02],
       [ 3.65767241e-01, -7.32312101e-03, -7.74954778e-01,
         4.05669151e-01,  5.83555591e-01, -4.80805882e-01,
         3.93333876e-01,  1.05334642e-01, -7.65233312e-02,
        -1.41195991e-02],
       [ 1.24698169e+00, -1.36829681e-02, -2.27697990e+00,
         5.83555591e-01,  2.81151012e+00, -1.91220616e+00,
         3.19873910e-01,  5.92061653e-02, -4.97512654e-02,
        -5.59189866e-03],
       [-8.71786497e-01,  1.12776916e-02,  1.62264038e+00,
        -4.80805882e-01, -1.91220616e+00,  1.37381501e+00,
        -3.86387320e-01, -8.77562446e-02,  6.19172747e-02,
         9.33520797e-03],
       [ 2.36641910e-01, -8.06092914e-03, -6.06787681e-01,
         3.93333876e-01,  3.19873910e-01, -3.86387320e-01,
         6.51220084e-01,  1.60959578e-01, -1.13386810e-01,
        -2.30990043e-02],
       [ 5.76450748e-02, -2.25367855e-03, -1.49212471e-01,
         1.05334642e-01,  5.92061653e-02, -8.77562446e-02,
         1.60959578e-01,  4.64917156e-02, -2.88618745e-02,
        -6.33585664e-03],
       [-4.36899143e-02,  1.47481899e-03,  1.12941827e-01,
        -7.65233312e-02, -4.97512654e-02,  6.19172747e-02,
        -1.13386810e-01, -2.88618745e-02,  2.06499456e-02,
         3.93478686e-03],
       [-6.52413025e-03,  2.66658635e-04,  1.80203620e-02,
        -1.41195991e-02, -5.59189866e-03,  9.33520797e-03,
        -2.30990043e-02, -6.33585664e-03,  3.93478686e-03,
         1.76883884e-03]]), array([[ 2.29590420e+02, -2.81144771e+00,  1.21244833e+01,
        -5.54760032e+00, -1.35784470e+01,  1.01073650e+01,
         2.25439888e+02,  1.01105093e+02,  2.15216150e+02,
         1.03612763e+03],
       [-2.81144771e+00,  8.15539551e-02, -1.49692052e-01,
         1.05288631e-01,  9.77246250e-02, -8.64431259e-02,
        -1.15648757e+01, -5.46000065e+00, -3.16488144e+00,
        -1.21306818e+01],
       [ 1.21244833e+01, -1.49692052e-01,  1.57279847e+00,
        -4.94007531e-01, -1.83517781e+00,  1.23686065e+00,
         1.30834278e+01,  9.87897757e+00,  1.29299175e+01,
         5.98599363e+01],
       [-5.54760032e+00,  1.05288631e-01, -4.94007531e-01,
         2.53550668e-01,  4.48735588e-01, -3.33588404e-01,
        -1.24153746e+01, -8.86936702e+00, -6.40595143e+00,
        -2.48802883e+01],
       [-1.35784470e+01,  9.77246250e-02, -1.83517781e+00,
         4.48735588e-01,  2.37123537e+00, -1.57288247e+00,
        -6.88045914e+00, -4.41445759e+00, -1.32002580e+01,
        -7.04408926e+01],
       [ 1.01073650e+01, -8.64431259e-02,  1.23686065e+00,
        -3.33588404e-01, -1.57288247e+00,  1.07010956e+00,
         9.57380732e+00,  6.56477412e+00,  9.72744372e+00,
         5.10325878e+01],
       [ 2.25439888e+02, -1.15648757e+01,  1.30834278e+01,
        -1.24153746e+01, -6.88045914e+00,  9.57380732e+00,
         4.07682254e+03,  9.44004023e+02,  2.74192277e+02,
         1.74304450e+03],
       [ 1.01105093e+02, -5.46000065e+00,  9.87897757e+00,
        -8.86936702e+00, -4.41445759e+00,  6.56477412e+00,
         9.44004023e+02,  1.12147496e+03,  1.48328188e+02,
         4.19015195e+02],
       [ 2.15216150e+02, -3.16488144e+00,  1.29299175e+01,
        -6.40595143e+00, -1.32002580e+01,  9.72744372e+00,
         2.74192277e+02,  1.48328188e+02,  2.18487250e+02,
         9.54449957e+02],
       [ 1.03612763e+03, -1.21306818e+01,  5.98599363e+01,
        -2.48802883e+01, -7.04408926e+01,  5.10325878e+01,
         1.74304450e+03,  4.19015195e+02,  9.54449957e+02,
         5.45092661e+03]]), array([[ 2.43722865e+02, -2.93223403e+00,  2.51747526e-18,
         4.96679475e-19, -2.89882558e-18,  2.65792410e-18,
         2.31993483e+02,  1.05120486e+02,  2.21352431e+02,
         1.07117003e+03],
       [-2.93223403e+00,  8.37133978e-02, -2.57379483e-20,
        -6.51605907e-21,  2.40288641e-20, -1.68696560e-20,
        -1.17586038e+01, -5.60693282e+00, -3.20032962e+00,
        -1.23820479e+01],
       [ 2.51747526e-18, -2.57379483e-20,  1.38906801e-37,
         3.59423868e-38, -4.58201234e-38,  1.64883004e-37,
         1.32132604e-18,  1.15828380e-18,  2.91131954e-18,
         1.31440555e-17],
       [ 4.96679475e-19, -6.51605907e-21,  3.59423868e-38,
         2.26974406e-38,  1.18222254e-37,  2.15719253e-38,
         3.96193906e-19,  4.47918616e-19,  7.58161580e-19,
         2.40314511e-18],
       [-2.89882558e-18,  2.40288641e-20, -4.58201234e-38,
         1.18222254e-37,  1.41489021e-36, -2.75006033e-37,
        -5.06312540e-19, -9.19949753e-20, -1.38288323e-18,
        -1.25996249e-17],
       [ 2.65792410e-18, -1.68696560e-20,  1.64883004e-37,
         2.15719253e-38, -2.75006033e-37,  2.38336764e-37,
         3.18545347e-19,  2.34744723e-19,  2.73287889e-18,
         1.49919296e-17],
       [ 2.31993483e+02, -1.17586038e+01,  1.32132604e-18,
         3.96193906e-19, -5.06312540e-19,  3.18545347e-19,
         4.12242106e+03,  9.58871627e+02,  2.73358940e+02,
         1.76357831e+03],
       [ 1.05120486e+02, -5.60693282e+00,  1.15828380e-18,
         4.47918616e-19, -9.19949753e-20,  2.34744723e-19,
         9.58871627e+02,  1.13610328e+03,  1.47056536e+02,
         4.21722681e+02],
       [ 2.21352431e+02, -3.20032962e+00,  2.91131954e-18,
         7.58161580e-19, -1.38288323e-18,  2.73287889e-18,
         2.73358940e+02,  1.47056536e+02,  2.16416150e+02,
         9.52564296e+02],
       [ 1.07117003e+03, -1.23820479e+01,  1.31440555e-17,
         2.40314511e-18, -1.25996249e-17,  1.49919296e-17,
         1.76357831e+03,  4.21722681e+02,  9.52564296e+02,
         5.46905774e+03]])]
