solve time: 101.46630215644836

 number of functions evaluations
[1000.0, 1000.0, 1000.0]

 variance
[array([[1.35944814e+04, 3.94287907e+00, 8.88959378e+04, 1.28131220e+02,
        4.31703693e+02, 1.74434134e+02, 5.29578323e+02, 9.22477442e+02,
        6.87574105e+01, 8.26302435e+02],
       [3.94287907e+00, 1.33987125e-03, 2.62257571e+01, 3.85455469e-02,
        1.08477181e-01, 6.29525233e-02, 2.46686824e-01, 7.30804142e-01,
        2.89265620e-02, 2.31337635e-01],
       [8.88959378e+04, 2.62257571e+01, 5.84379787e+05, 7.98514637e+02,
        2.66151775e+03, 1.05080875e+03, 3.82958996e+03, 7.09128980e+03,
        4.88028056e+02, 5.53565812e+03],
       [1.28131220e+02, 3.85455469e-02, 7.98514637e+02, 4.55651984e+00,
        4.34221189e+00, 7.65822238e+00, 1.15363045e+01, 1.60758149e+01,
        7.99478659e-01, 3.52937720e+00],
       [4.31703693e+02, 1.08477181e-01, 2.66151775e+03, 4.34221189e+00,
        4.34750639e+01, 1.59305128e+01, 1.87388621e+01, 3.10436959e+01,
        1.27494727e+00, 4.48897307e+00],
       [1.74434134e+02, 6.29525233e-02, 1.05080875e+03, 7.65822238e+00,
        1.59305128e+01, 3.82213227e+01, 3.17027550e+01, 1.22874732e+01,
        1.73865281e+00, 1.24510156e+00],
       [5.29578323e+02, 2.46686824e-01, 3.82958996e+03, 1.15363045e+01,
        1.87388621e+01, 3.17027550e+01, 5.17986635e+02, 3.58963243e+01,
        3.21287785e+01, 2.29250811e+01],
       [9.22477442e+02, 7.30804142e-01, 7.09128980e+03, 1.60758149e+01,
        3.10436959e+01, 1.22874732e+01, 3.58963243e+01, 3.24295263e+03,
        3.08707825e+01, 4.84698705e+01],
       [6.87574105e+01, 2.89265620e-02, 4.88028056e+02, 7.99478659e-01,
        1.27494727e+00, 1.73865281e+00, 3.21287785e+01, 3.08707825e+01,
        3.14742462e+00, 1.41796490e+01],
       [8.26302435e+02, 2.31337635e-01, 5.53565812e+03, 3.52937720e+00,
        4.48897307e+00, 1.24510156e+00, 2.29250811e+01, 4.84698705e+01,
        1.41796490e+01, 2.39718291e+02]]), array([[1.01219742e+06, 7.57873366e+01, 5.76534742e+03, 2.09032950e+02,
        3.31850790e+02, 4.29631582e+02, 1.25746231e+05, 9.69786191e+04,
        6.95969111e+05, 2.05266455e+06],
       [7.57873366e+01, 2.04568589e-02, 9.11397250e-01, 2.67085591e-02,
        4.98769748e-02, 6.04237485e-02, 2.17383480e+02, 1.88070845e+02,
        7.55729787e+01, 2.27998419e+02],
       [5.76534742e+03, 9.11397250e-01, 2.72472905e+04, 1.08233704e+02,
        4.60270407e+02, 3.25680087e+02, 4.10005869e+03, 1.02270146e+04,
        3.92784376e+04, 1.37316421e+05],
       [2.09032950e+02, 2.67085591e-02, 1.08233704e+02, 1.52919283e+00,
        1.93069216e+00, 2.96506208e+00, 1.52532826e+02, 1.82937237e+02,
        4.88683160e+02, 1.72917638e+03],
       [3.31850790e+02, 4.98769748e-02, 4.60270407e+02, 1.93069216e+00,
        1.42654822e+01, 6.55706996e+00, 1.64860854e+02, 3.26114513e+02,
        1.18926331e+03, 3.81554208e+03],
       [4.29631582e+02, 6.04237485e-02, 3.25680087e+02, 2.96506208e+00,
        6.55706996e+00, 1.16330972e+01, 3.79604484e+02, 4.11477214e+02,
        1.10136849e+03, 3.52282343e+03],
       [1.25746231e+05, 2.17383480e+02, 4.10005869e+03, 1.52532826e+02,
        1.64860854e+02, 3.79604484e+02, 3.27811450e+07, 3.00365944e+06,
        1.30842509e+05, 3.82403642e+06],
       [9.69786191e+04, 1.88070845e+02, 1.02270146e+04, 1.82937237e+02,
        3.26114513e+02, 4.11477214e+02, 3.00365944e+06, 4.52935408e+07,
        1.22723600e+05, 7.26690771e+05],
       [6.95969111e+05, 7.55729787e+01, 3.92784376e+04, 4.88683160e+02,
        1.18926331e+03, 1.10136849e+03, 1.30842509e+05, 1.22723600e+05,
        9.58054771e+05, 2.08637260e+06],
       [2.05266455e+06, 2.27998419e+02, 1.37316421e+05, 1.72917638e+03,
        3.81554208e+03, 3.52282343e+03, 3.82403642e+06, 7.26690771e+05,
        2.08637260e+06, 1.57562628e+07]]), array([[1.04098040e+06, 7.99060466e+01, 8.44751428e-32, 1.41756952e-32,
        2.44695157e-32, 8.59993084e-33, 1.29514479e+05, 1.02865864e+05,
        7.18662001e+05, 2.13162825e+06],
       [7.99060466e+01, 2.19817939e-02, 2.95631131e-36, 6.96528470e-37,
        1.32450764e-36, 2.70939507e-37, 2.24909355e+02, 2.03584211e+02,
        8.03151652e+01, 2.40204155e+02],
       [8.44751428e-32, 2.95631131e-36, 8.81664470e-67, 1.57031577e-68,
        3.81286100e-68, 6.57858651e-69, 6.00234191e-35, 6.20653142e-35,
        1.10157529e-31, 2.81178258e-31],
       [1.41756952e-32, 6.96528470e-37, 1.57031577e-68, 7.13663830e-69,
        8.40206207e-69, 1.63537774e-69, 1.46318836e-34, 8.47702623e-36,
        1.36828620e-32, 4.18161232e-32],
       [2.44695157e-32, 1.32450764e-36, 3.81286100e-68, 8.40206207e-69,
        1.66128558e-68, 2.89059946e-69, 1.87444359e-34, 1.85900337e-35,
        2.84195498e-32, 7.80174351e-32],
       [8.59993084e-33, 2.70939507e-37, 6.57858651e-69, 1.63537774e-69,
        2.89059946e-69, 2.87829483e-69, 4.52930187e-35, 3.49681146e-36,
        7.77611645e-33, 2.11182198e-32],
       [1.29514479e+05, 2.24909355e+02, 6.00234191e-35, 1.46318836e-34,
        1.87444359e-34, 4.52930187e-35, 3.32922101e+07, 3.07025188e+06,
        1.30292240e+05, 3.84246219e+06],
       [1.02865864e+05, 2.03584211e+02, 6.20653142e-35, 8.47702623e-36,
        1.85900337e-35, 3.49681146e-36, 3.07025188e+06, 4.82239818e+07,
        1.18137428e+05, 7.24874879e+05],
       [7.18662001e+05, 8.03151652e+01, 1.10157529e-31, 1.36828620e-32,
        2.84195498e-32, 7.77611645e-33, 1.30292240e+05, 1.18137428e+05,
        9.43856521e+05, 2.07829421e+06],
       [2.13162825e+06, 2.40204155e+02, 2.81178258e-31, 4.18161232e-32,
        7.80174351e-32, 2.11182198e-32, 3.84246219e+06, 7.24874879e+05,
        2.07829421e+06, 1.60581736e+07]])]

 max variance
[584379.7868903718, 45293540.84386762, 48223981.80733193]

 cost matrix
[array([[ 1.45360829e+01, -2.51716940e-01, -3.63360761e+01,
         1.77173252e+00,  3.03902807e+00, -2.11001408e+00,
         3.17887414e+00,  1.79436424e+00, -3.35529620e-01,
         1.03504496e+00],
       [-2.51716940e-01,  4.67559903e-03,  6.38325904e-01,
        -3.01944250e-02, -5.00148690e-02,  3.66495568e-02,
        -6.60594641e-02, -4.61101602e-02,  9.70690470e-03,
        -1.45560673e-02],
       [-3.63360761e+01,  6.38325904e-01,  9.14766188e+01,
        -4.19008984e+00, -7.30509822e+00,  4.87795386e+00,
        -8.30032658e+00, -4.81209442e+00,  9.23937131e-01,
        -2.63298093e+00],
       [ 1.77173252e+00, -3.01944250e-02, -4.19008984e+00,
         5.14644079e-01,  5.23936482e-01, -6.06685168e-01,
         5.72788570e-01,  2.64744093e-01, -9.62776373e-02,
         4.75047851e-02],
       [ 3.03902807e+00, -5.00148690e-02, -7.30509822e+00,
         5.23936482e-01,  1.04898486e+00, -7.82444805e-01,
         7.80995818e-01,  3.97808274e-01, -1.36421261e-01,
         3.64102660e-02],
       [-2.11001408e+00,  3.66495568e-02,  4.87795386e+00,
        -6.06685168e-01, -7.82444805e-01,  1.06154610e+00,
        -8.07376877e-01, -2.79529905e-01,  1.49283918e-01,
        -2.45886865e-03],
       [ 3.17887414e+00, -6.60594641e-02, -8.30032658e+00,
         5.72788570e-01,  7.80995818e-01, -8.07376877e-01,
         2.17335496e+00,  4.68411139e-01, -3.89176354e-01,
         1.60237574e-01],
       [ 1.79436424e+00, -4.61101602e-02, -4.81209442e+00,
         2.64744093e-01,  3.97808274e-01, -2.79529905e-01,
         4.68411139e-01,  2.27126208e+00, -2.64441209e-01,
        -2.81757260e-01],
       [-3.35529620e-01,  9.70690470e-03,  9.23937131e-01,
        -9.62776373e-02, -1.36421261e-01,  1.49283918e-01,
        -3.89176354e-01, -2.64441209e-01,  1.40609431e-01,
         1.64205059e-01],
       [ 1.03504496e+00, -1.45560673e-02, -2.63298093e+00,
         4.75047851e-02,  3.64102660e-02, -2.45886865e-03,
         1.60237574e-01, -2.81757260e-01,  1.64205059e-01,
         6.18849701e-01]]), array([[ 6.53324229e+02, -6.12160928e+00,  1.95712566e+01,
        -6.86418907e+00, -8.09544748e+00,  7.80533528e+00,
         1.90481237e+02,  9.07708039e+01,  6.08606349e+02,
         1.31103147e+03],
       [-6.12160928e+00,  1.00721754e-01, -2.38287585e-01,
         7.80035949e-02,  9.41882265e-02, -8.98615045e-02,
        -8.96196571e+00, -3.99000113e+00, -6.13253211e+00,
        -1.48445557e+01],
       [ 1.95712566e+01, -2.38287585e-01,  1.93622458e+01,
        -1.58821498e+00, -2.65927721e+00,  2.28858160e+00,
         1.00521156e+01,  1.01805025e+01,  3.62144698e+01,
         8.22601522e+01],
       [-6.86418907e+00,  7.80035949e-02, -1.58821498e+00,
         2.88941163e-01,  2.99123247e-01, -3.51214425e-01,
        -4.54102918e+00, -2.50329707e+00, -8.45540405e+00,
        -2.04177154e+01],
       [-8.09544748e+00,  9.41882265e-02, -2.65927721e+00,
         2.99123247e-01,  5.49888220e-01, -4.57324663e-01,
        -5.11324328e+00, -3.16993959e+00, -1.05606702e+01,
        -2.49711036e+01],
       [ 7.80533528e+00, -8.98615045e-02,  2.28858160e+00,
        -3.51214425e-01, -4.57324663e-01,  5.90333584e-01,
         5.32575070e+00,  3.07684933e+00,  9.75441486e+00,
         2.28853411e+01],
       [ 1.90481237e+02, -8.96196571e+00,  1.00521156e+01,
        -4.54102918e+00, -5.11324328e+00,  5.32575070e+00,
         3.53996568e+03,  5.59139284e+02,  1.96332063e+02,
         1.52301874e+03],
       [ 9.07708039e+01, -3.99000113e+00,  1.01805025e+01,
        -2.50329707e+00, -3.16993959e+00,  3.07684933e+00,
         5.59139284e+02,  1.39538018e+03,  9.70112100e+01,
         3.30709069e+02],
       [ 6.08606349e+02, -6.13253211e+00,  3.62144698e+01,
        -8.45540405e+00, -1.05606702e+01,  9.75441486e+00,
         1.96332063e+02,  9.70112100e+01,  6.50647662e+02,
         1.32766670e+03],
       [ 1.31103147e+03, -1.48445557e+01,  8.22601522e+01,
        -2.04177154e+01, -2.49711036e+01,  2.28853411e+01,
         1.52301874e+03,  3.30709069e+02,  1.32766670e+03,
         4.18559621e+03]]), array([[ 6.75688590e+02, -6.38404887e+00, -1.99193917e-17,
         5.96904591e-18,  2.78571444e-18, -6.59394401e-18,
         1.97988152e+02,  9.54489644e+01,  6.22957000e+02,
         1.34910552e+03],
       [-6.38404887e+00,  1.05296581e-01,  1.12487571e-19,
        -4.75581259e-20, -1.58476749e-20,  3.55439457e-20,
        -9.17435077e+00, -4.14713149e+00, -6.30799440e+00,
        -1.52870164e+01],
       [-1.99193917e-17,  1.12487571e-19,  4.82983828e-35,
        -6.37951726e-36, -1.15529562e-35,  5.57052565e-36,
         3.59788476e-21,  3.66113016e-19, -2.24242649e-17,
        -3.33123842e-17],
       [ 5.96904591e-18, -4.75581259e-20, -6.37951726e-36,
         6.24948578e-36,  5.27998016e-36, -2.39613204e-36,
         6.73434142e-19, -4.13409735e-20,  6.53390380e-18,
         9.66953781e-18],
       [ 2.78571444e-18, -1.58476749e-20, -1.15529562e-35,
         5.27998016e-36,  1.30477706e-35, -4.01111559e-36,
        -2.65714544e-19, -1.50343242e-19,  6.10235732e-18,
         1.01185400e-18],
       [-6.59394401e-18,  3.55439457e-20,  5.57052565e-36,
        -2.39613204e-36, -4.01111559e-36,  4.27116004e-36,
        -2.03599264e-19,  8.14975916e-20, -6.92839534e-18,
        -1.01599689e-17],
       [ 1.97988152e+02, -9.17435077e+00,  3.59788476e-21,
         6.73434142e-19, -2.65714544e-19, -2.03599264e-19,
         3.57369542e+03,  5.66638863e+02,  1.98796344e+02,
         1.54373044e+03],
       [ 9.54489644e+01, -4.14713149e+00,  3.66113016e-19,
        -4.13409735e-20, -1.50343242e-19,  8.14975916e-20,
         5.66638863e+02,  1.43142859e+03,  9.67355699e+01,
         3.35081801e+02],
       [ 6.22957000e+02, -6.30799440e+00, -2.24242649e-17,
         6.53390380e-18,  6.10235732e-18, -6.92839534e-18,
         1.98796344e+02,  9.67355699e+01,  6.46118962e+02,
         1.32406416e+03],
       [ 1.34910552e+03, -1.52870164e+01, -3.33123842e-17,
         9.66953781e-18,  1.01185400e-18, -1.01599689e-17,
         1.54373044e+03,  3.35081801e+02,  1.32406416e+03,
         4.20201168e+03]])]
