solve time: 1.7627284526824951

 number of functions evaluations
[10.0, 10.0, 10.0]

 variance
[array([[4.53534605e-02, 4.71457544e-06, 1.44996009e-01, 6.04996920e-02,
        7.86503833e-03, 1.46652871e-02, 9.62584206e-03, 1.00024623e-04,
        3.62591977e-04, 7.45083990e-06],
       [4.71457544e-06, 1.37750767e-09, 1.43363150e-05, 7.39685192e-06,
        3.57968848e-06, 1.30008082e-05, 9.86368517e-06, 1.09138825e-07,
        3.36691018e-07, 1.46137492e-09],
       [1.44996009e-01, 1.43363150e-05, 4.60913499e-01, 1.92677614e-01,
        2.26744898e-02, 3.58775559e-02, 2.15946923e-02, 2.21377873e-04,
        8.48725152e-04, 2.27247061e-05],
       [6.04996920e-02, 7.39685192e-06, 1.92677614e-01, 8.08519310e-02,
        1.34202507e-02, 3.42276887e-02, 2.42990058e-02, 2.71189923e-04,
        8.67075132e-04, 1.16468933e-05],
       [7.86503833e-03, 3.57968848e-06, 2.26744898e-02, 1.34202507e-02,
        9.44770855e-03, 3.74220724e-02, 2.87782161e-02, 3.21817653e-04,
        9.90970401e-04, 3.76587465e-06],
       [1.46652871e-02, 1.30008082e-05, 3.58775559e-02, 3.42276887e-02,
        3.74220724e-02, 1.46854028e-01, 1.11602339e-01, 1.24441071e-03,
        3.80121328e-03, 1.12309273e-05],
       [9.62584206e-03, 9.86368517e-06, 2.15946923e-02, 2.42990058e-02,
        2.87782161e-02, 1.11602339e-01, 8.82690023e-02, 9.48816506e-04,
        3.15234942e-03, 8.70538790e-06],
       [1.00024623e-04, 1.09138825e-07, 2.21377873e-04, 2.71189923e-04,
        3.21817653e-04, 1.24441071e-03, 9.48816506e-04, 1.03857408e-05,
        3.23145288e-05, 8.76005753e-08],
       [3.62591977e-04, 3.36691018e-07, 8.48725152e-04, 8.67075132e-04,
        9.90970401e-04, 3.80121328e-03, 3.15234942e-03, 3.23145288e-05,
        1.16338700e-04, 3.07532390e-07],
       [7.45083990e-06, 1.46137492e-09, 2.27247061e-05, 1.16468933e-05,
        3.76587465e-06, 1.12309273e-05, 8.70538790e-06, 8.76005753e-08,
        3.07532390e-07, 1.53629022e-09]]), array([[1.29465922e+06, 9.68210893e+01, 3.07754042e+02, 1.50266494e+02,
        2.62886677e+01, 7.89149511e+01, 1.29105479e+05, 4.42387380e+05,
        7.98276020e+05, 1.73394496e+06],
       [9.68210893e+01, 5.63530930e-02, 1.71189758e-02, 1.42535333e-02,
        1.48243727e-02, 5.98756226e-02, 9.64612735e+01, 1.98816739e+02,
        1.08162319e+02, 4.46341478e+02],
       [3.07754042e+02, 1.71189758e-02, 4.54476770e-01, 1.87361573e-01,
        2.13636388e-02, 3.07066118e-02, 4.44265138e+01, 3.20180487e+00,
        5.00368453e+02, 8.05777134e+02],
       [1.50266494e+02, 1.42535333e-02, 1.87361573e-01, 7.76324675e-02,
        1.23182879e-02, 2.93988509e-02, 4.69396727e+01, 5.01477073e+00,
        2.13334381e+02, 3.53461313e+02],
       [2.62886677e+01, 1.48243727e-02, 2.13636388e-02, 1.23182879e-02,
        8.14541370e-03, 3.15354703e-02, 6.02576979e+01, 8.02151992e+00,
        4.39236351e+01, 9.88707496e+01],
       [7.89149511e+01, 5.98756226e-02, 3.07066118e-02, 2.93988509e-02,
        3.15354703e-02, 1.23127031e-01, 2.08511297e+02, 4.35237976e+00,
        1.32594885e+02, 3.75285246e+02],
       [1.29105479e+05, 9.64612735e+01, 4.44265138e+01, 4.69396727e+01,
        6.02576979e+01, 2.08511297e+02, 3.19461032e+07, 4.49350314e+04,
        2.11582577e+05, 3.73645013e+06],
       [4.42387380e+05, 1.98816739e+02, 3.20180487e+00, 5.01477073e+00,
        8.02151992e+00, 4.35237976e+00, 4.49350314e+04, 3.04843518e+06,
        2.77847011e+05, 8.33895006e+05],
       [7.98276020e+05, 1.08162319e+02, 5.00368453e+02, 2.13334381e+02,
        4.39236351e+01, 1.32594885e+02, 2.11582577e+05, 2.77847011e+05,
        8.35922000e+05, 1.84177137e+06],
       [1.73394496e+06, 4.46341478e+02, 8.05777134e+02, 3.53461313e+02,
        9.88707496e+01, 3.75285246e+02, 3.73645013e+06, 8.33895006e+05,
        1.84177137e+06, 6.46875352e+06]]), array([[1.31383105e+06, 9.75188993e+01, 1.56250140e-32, 4.83385239e-32,
        1.89634575e-33, 2.93006855e-33, 1.35556795e+05, 4.43563319e+05,
        8.10039044e+05, 1.74465316e+06],
       [9.75188993e+01, 5.75727847e-02, 6.54831401e-37, 2.20559455e-36,
        8.67356783e-37, 1.31704262e-36, 1.02583723e+02, 2.00067247e+02,
        1.07997544e+02, 4.45906818e+02],
       [1.56250140e-32, 6.54831401e-37, 5.63573344e-70, 2.52182237e-69,
        9.25740371e-72, 1.82512838e-71, 1.89406819e-35, 1.94835639e-36,
        2.41959452e-32, 5.13548037e-32],
       [4.83385239e-32, 2.20559455e-36, 2.52182237e-69, 1.26270085e-68,
        3.93441417e-71, 9.18551173e-71, 4.71912406e-35, 8.57359756e-38,
        7.50628038e-32, 1.80481279e-31],
       [1.89634575e-33, 8.67356783e-37, 9.25740371e-72, 3.93441417e-71,
        2.25087503e-71, 3.41351497e-71, 1.69108546e-34, 7.43407189e-37,
        1.96820313e-33, 1.14439615e-32],
       [2.93006855e-33, 1.31704262e-36, 1.82512838e-71, 9.18551173e-71,
        3.41351497e-71, 5.17229398e-71, 2.58676726e-34, 4.31673456e-37,
        3.08772163e-33, 1.75804693e-32],
       [1.35556795e+05, 1.02583723e+02, 1.89406819e-35, 4.71912406e-35,
        1.69108546e-34, 2.58676726e-34, 3.22357339e+07, 4.55680757e+04,
        2.16609749e+05, 3.75749691e+06],
       [4.43563319e+05, 2.00067247e+02, 1.94835639e-36, 8.57359756e-38,
        7.43407189e-37, 4.31673456e-37, 4.55680757e+04, 3.07349606e+06,
        2.76977397e+05, 8.31886329e+05],
       [8.10039044e+05, 1.07997544e+02, 2.41959452e-32, 7.50628038e-32,
        1.96820313e-33, 3.08772163e-33, 2.16609749e+05, 2.76977397e+05,
        8.32978567e+05, 1.83145055e+06],
       [1.74465316e+06, 4.45906818e+02, 5.13548037e-32, 1.80481279e-31,
        1.14439615e-32, 1.75804693e-32, 3.75749691e+06, 8.31886329e+05,
        1.83145055e+06, 6.41998272e+06]])]

 max variance
[0.46091349873373155, 31946103.227392457, 32235733.88239155]

 cost matrix
[array([[ 8.42037218e-02, -1.04371615e-03, -1.42765806e-01,
         1.07194706e-01,  4.93277651e-02, -6.15076202e-02,
         4.34257006e-02,  3.84264905e-03, -8.87692563e-03,
        -1.03213290e-03],
       [-1.04371615e-03,  1.78035208e-05,  1.72021062e-03,
        -1.41772879e-03, -9.04877221e-04,  1.41742682e-03,
        -1.14826400e-03, -1.12659148e-04,  2.20679570e-04,
         1.61791613e-05],
       [-1.42765806e-01,  1.72021062e-03,  2.48417710e-01,
        -1.80065790e-01, -8.11704881e-02,  9.93644377e-02,
        -7.70822712e-02, -5.46371659e-03,  1.62553446e-02,
         1.75884993e-03],
       [ 1.07194706e-01, -1.41772879e-03, -1.80065790e-01,
         1.45607214e-01,  7.33624193e-02, -9.54806308e-02,
         7.48412789e-02,  6.02238518e-03, -1.50818877e-02,
        -1.19287506e-03],
       [ 4.93277651e-02, -9.04877221e-04, -8.11704881e-02,
         7.33624193e-02,  5.35697408e-02, -8.03955746e-02,
         7.24389255e-02,  6.49906081e-03, -1.42013087e-02,
        -7.00677178e-04],
       [-6.15076202e-02,  1.41742682e-03,  9.93644377e-02,
        -9.54806308e-02, -8.03955746e-02,  1.38637522e-01,
        -1.24646981e-01, -1.16233618e-02,  2.38902583e-02,
         1.14098027e-03],
       [ 4.34257006e-02, -1.14826400e-03, -7.70822712e-02,
         7.48412789e-02,  7.24389255e-02, -1.24646981e-01,
         1.30211028e-01,  9.89368045e-03, -2.57191454e-02,
        -8.15172457e-04],
       [ 3.84264905e-03, -1.12659148e-04, -5.46371659e-03,
         6.02238518e-03,  6.49906081e-03, -1.16233618e-02,
         9.89368045e-03,  1.22569585e-03, -1.83537363e-03,
        -1.14429109e-04],
       [-8.87692563e-03,  2.20679570e-04,  1.62553446e-02,
        -1.50818877e-02, -1.42013087e-02,  2.38902583e-02,
        -2.57191454e-02, -1.83537363e-03,  5.16130569e-03,
         1.56794378e-04],
       [-1.03213290e-03,  1.61791613e-05,  1.75884993e-03,
        -1.19287506e-03, -7.00677178e-04,  1.14098027e-03,
        -8.15172457e-04, -1.14429109e-04,  1.56794378e-04,
         2.76059807e-05]]), array([[ 9.48032311e+02, -9.85489971e+00,  8.71689487e+00,
        -8.88029141e+00, -4.52620866e+00,  5.39445920e+00,
         1.94741598e+02,  2.26915357e+02,  8.89657900e+02,
         1.55137097e+03],
       [-9.85489971e+00,  1.70660807e-01, -8.38972408e-02,
         9.13053234e-02,  7.11507222e-02, -1.00604877e-01,
        -7.08876679e+00, -4.89704176e+00, -9.96732328e+00,
        -1.97074583e+01],
       [ 8.71689487e+00, -8.38972408e-02,  2.41321173e-01,
        -1.72400333e-01, -7.44591334e-02,  9.04200260e-02,
         4.04784309e+00,  7.72791605e-01,  1.03941624e+01,
         1.51763161e+01],
       [-8.88029141e+00,  9.13053234e-02, -1.72400333e-01,
         1.37559752e-01,  6.65482988e-02, -8.72280074e-02,
        -4.08685071e+00, -9.51884581e-01, -9.68070031e+00,
        -1.49188835e+01],
       [-4.52620866e+00,  7.11507222e-02, -7.44591334e-02,
         6.65482988e-02,  4.62055982e-02, -7.15190761e-02,
        -4.84024987e+00, -1.16376295e+00, -5.11155812e+00,
        -9.02433802e+00],
       [ 5.39445920e+00, -1.00604877e-01,  9.04200260e-02,
        -8.72280074e-02, -7.15190761e-02,  1.24871765e-01,
         6.51746305e+00,  9.89921179e-01,  6.33426682e+00,
         1.07827302e+01],
       [ 1.94741598e+02, -7.08876679e+00,  4.04784309e+00,
        -4.08685071e+00, -4.84024987e+00,  6.51746305e+00,
         3.67525718e+03,  9.21486610e+01,  2.25569947e+02,
         1.53561632e+03],
       [ 2.26915357e+02, -4.89704176e+00,  7.72791605e-01,
        -9.51884581e-01, -1.16376295e+00,  9.89921179e-01,
         9.21486610e+01,  5.54962848e+02,  1.87049564e+02,
         3.27371608e+02],
       [ 8.89657900e+02, -9.96732328e+00,  1.03941624e+01,
        -9.68070031e+00, -5.11155812e+00,  6.33426682e+00,
         2.25569947e+02,  1.87049564e+02,  9.07672201e+02,
         1.53029052e+03],
       [ 1.55137097e+03, -1.97074583e+01,  1.51763161e+01,
        -1.49188835e+01, -9.02433802e+00,  1.07827302e+01,
         1.53561632e+03,  3.27371608e+02,  1.53029052e+03,
         3.66031237e+03]]), array([[ 9.57279000e+02, -9.94392612e+00,  1.20713338e-17,
        -4.86469833e-17,  1.89947416e-17, -2.34093739e-17,
         1.99632247e+02,  2.27626076e+02,  8.93187855e+02,
         1.55639448e+03],
       [-9.94392612e+00,  1.72560050e-01, -1.58273368e-19,
         2.29614690e-19, -3.28737820e-19,  4.04835809e-19,
        -7.22595487e+00, -4.92469217e+00, -9.99323150e+00,
        -1.97712983e+01],
       [ 1.20713338e-17, -1.58273368e-19,  1.05666475e-35,
        -1.75974477e-35,  9.14916830e-37, -1.62406234e-36,
         1.83117377e-18,  5.42921128e-19,  1.37373360e-17,
         3.24846980e-17],
       [-4.86469833e-17,  2.29614690e-19, -1.75974477e-35,
         3.69435895e-35, -9.71610346e-37,  1.94605313e-36,
         9.31282392e-19,  1.37998133e-19, -6.17557789e-17,
        -9.44801105e-17],
       [ 1.89947416e-17, -3.28737820e-19,  9.14916830e-37,
        -9.71610346e-37,  1.62997056e-36, -2.01722267e-36,
         4.25876416e-18, -9.73591834e-20,  2.06097417e-17,
         4.32667697e-17],
       [-2.34093739e-17,  4.04835809e-19, -1.62406234e-36,
         1.94605313e-36, -2.01722267e-36,  2.52253355e-36,
        -5.04726501e-18, -2.87922405e-19, -2.51449950e-17,
        -5.37204871e-17],
       [ 1.99632247e+02, -7.22595487e+00,  1.83117377e-18,
         9.31282392e-19,  4.25876416e-18, -5.04726501e-18,
         3.70169945e+03,  9.34601600e+01,  2.27646254e+02,
         1.54600582e+03],
       [ 2.27626076e+02, -4.92469217e+00,  5.42921128e-19,
         1.37998133e-19, -9.73591834e-20, -2.87922405e-19,
         9.34601600e+01,  5.57361104e+02,  1.87026790e+02,
         3.27631103e+02],
       [ 8.93187855e+02, -9.99323150e+00,  1.37373360e-17,
        -6.17557789e-17,  2.06097417e-17, -2.51449950e-17,
         2.27646254e+02,  1.87026790e+02,  9.03398297e+02,
         1.52375515e+03],
       [ 1.55639448e+03, -1.97712983e+01,  3.24846980e-17,
        -9.44801105e-17,  4.32667697e-17, -5.37204871e-17,
         1.54600582e+03,  3.27631103e+02,  1.52375515e+03,
         3.65162001e+03]])]
