solve time: 1.375286340713501

 number of processors: 8

 number of functions evaluations
[8.0, 10.0, 10.0]

 variance
[array([[1.34387181e+06, 3.25320175e+02, 5.12394487e+05, 5.36821945e+02,
        3.40340977e+03, 2.24497061e+03, 3.31865670e-01, 3.40419000e+03,
        2.53438707e+05, 1.39522082e+06],
       [3.25320175e+02, 7.73233903e-02, 1.08390667e+02, 1.08030619e-01,
        7.45653706e-01, 4.82824617e-01, 8.42259009e-05, 1.35204613e+01,
        9.17322171e+01, 4.82893713e+02],
       [5.12394487e+05, 1.08390667e+02, 1.41997518e+05, 9.09494226e+02,
        1.65912398e+03, 2.24365761e+03, 1.31959869e-01, 6.81049409e+04,
        6.52876094e+05, 1.65295408e+07],
       [5.36821945e+02, 1.08030619e-01, 9.09494226e+02, 2.86159048e+00,
        4.58565832e+00, 6.05088521e+00, 1.77470936e-05, 1.21615327e+01,
        1.12381411e+03, 4.30293963e+04],
       [3.40340977e+03, 7.45653706e-01, 1.65912398e+03, 4.58565832e+00,
        1.15191428e+01, 1.22637992e+01, 4.74574759e-04, 2.64381087e+00,
        1.81494180e+03, 5.74839301e+04],
       [2.24497061e+03, 4.82824617e-01, 2.24365761e+03, 6.05088521e+00,
        1.22637992e+01, 1.38760079e+01, 6.01974561e-05, 2.29435622e+00,
        2.09772314e+03, 8.11200009e+04],
       [3.31865670e-01, 8.42259009e-05, 1.31959869e-01, 1.77470936e-05,
        4.74574759e-04, 6.01974561e-05, 2.01082091e-07, 1.75053687e-03,
        2.26155156e-02, 3.51344669e-02],
       [3.40419000e+03, 1.35204613e+01, 6.81049409e+04, 1.21615327e+01,
        2.64381087e+00, 2.29435622e+00, 1.75053687e-03, 7.09840796e+04,
        1.51737041e+04, 4.85699840e+04],
       [2.53438707e+05, 9.17322171e+01, 6.52876094e+05, 1.12381411e+03,
        1.81494180e+03, 2.09772314e+03, 2.26155156e-02, 1.51737041e+04,
        2.25566119e+05, 1.09492245e+07],
       [1.39522082e+06, 4.82893713e+02, 1.65295408e+07, 4.30293963e+04,
        5.74839301e+04, 8.11200009e+04, 3.51344669e-02, 4.85699840e+04,
        1.09492245e+07, 5.37012826e+08]]), array([[1.31245308e+01, 8.98094284e-05, 1.04586650e+03, 3.77489675e+00,
        7.87748534e+00, 8.69907922e+00, 5.75000356e-06, 2.68359007e-02,
        1.87646535e+03, 2.02212935e+04],
       [8.98094284e-05, 6.71593572e-10, 1.25266699e-02, 2.85124468e-05,
        8.34225783e-05, 7.86375911e-05, 8.70818682e-11, 4.06332330e-07,
        2.56015110e-02, 1.42540740e-01],
       [1.04586650e+03, 1.25266699e-02, 4.65956789e+06, 9.58172602e+02,
        3.45498976e+03, 2.48645511e+03, 4.84698090e-03, 7.98291823e+01,
        2.77683079e+06, 7.85536351e+06],
       [3.77489675e+00, 2.85124468e-05, 9.58172602e+02, 1.22865235e+00,
        3.86235200e+00, 3.47037276e+00, 4.28099250e-06, 2.61877005e-02,
        1.37931407e+03, 7.21385846e+03],
       [7.87748534e+00, 8.34225783e-05, 3.45498976e+03, 3.86235200e+00,
        1.93195465e+01, 1.48478041e+01, 2.61899467e-05, 1.20603719e-01,
        7.47200014e+03, 1.70745417e+04],
       [8.69907922e+00, 7.86375911e-05, 2.48645511e+03, 3.47037276e+00,
        1.48478041e+01, 1.20196451e+01, 1.87849809e-05, 8.78756535e-02,
        5.37848979e+03, 1.56363546e+04],
       [5.75000356e-06, 8.70818682e-11, 4.84698090e-03, 4.28099250e-06,
        2.61899467e-05, 1.87849809e-05, 3.46478731e-11, 1.67157590e-07,
        1.05176189e-02, 1.52007482e-02],
       [2.68359007e-02, 4.06332330e-07, 7.98291823e+01, 2.61877005e-02,
        1.20603719e-01, 8.78756535e-02, 1.67157590e-07, 1.77787617e-03,
        6.91480837e+01, 1.41153512e+02],
       [1.87646535e+03, 2.56015110e-02, 2.77683079e+06, 1.37931407e+03,
        7.47200014e+03, 5.37848979e+03, 1.05176189e-02, 6.91480837e+01,
        3.38397477e+06, 7.93781147e+06],
       [2.02212935e+04, 1.42540740e-01, 7.85536351e+06, 7.21385846e+03,
        1.70745417e+04, 1.56363546e+04, 1.52007482e-02, 1.41153512e+02,
        7.93781147e+06, 5.81630278e+07]]), array([[1.22323082e+06, 1.27419450e+01, 3.95712471e-19, 1.94357288e-20,
        1.17820503e-18, 2.05391652e-19, 1.27102482e-11, 5.35712919e-06,
        3.70422342e+05, 1.70145283e+07],
       [1.27419450e+01, 1.32728149e-04, 4.12199110e-24, 2.02454830e-25,
        1.22729279e-23, 2.13948920e-24, 1.32397974e-16, 5.58032435e-11,
        3.85855313e+00, 1.77234076e+02],
       [3.95712471e-19, 4.12199110e-24, 1.28012112e-43, 6.28741539e-45,
        3.81146728e-43, 6.64437463e-44, 4.11173725e-36, 1.73301947e-30,
        1.19830810e-19, 5.50416239e-18],
       [1.94357288e-20, 2.02454830e-25, 6.28741539e-45, 3.08811344e-46,
        1.87203208e-44, 3.26343677e-45, 2.01951204e-37, 8.51186122e-32,
        5.88558435e-21, 2.70341258e-19],
       [1.17820503e-18, 1.22729279e-23, 3.81146728e-43, 1.87203208e-44,
        1.13483659e-42, 1.97831409e-43, 1.22423978e-35, 5.15993910e-30,
        3.56787500e-19, 1.63882422e-17],
       [2.05391652e-19, 2.13948920e-24, 6.64437463e-44, 3.26343677e-45,
        1.97831409e-43, 3.44871385e-44, 2.13416702e-36, 8.99511027e-31,
        6.21973020e-20, 2.85689506e-18],
       [1.27102482e-11, 1.32397974e-16, 4.11173725e-36, 2.01951204e-37,
        1.22423978e-35, 2.13416702e-36, 1.32046883e-28, 5.56561128e-23,
        3.84895461e-12, 1.76793190e-10],
       [5.35712919e-06, 5.58032435e-11, 1.73301947e-30, 8.51186122e-32,
        5.15993910e-30, 8.99511027e-31, 5.56561128e-23, 2.33983803e-17,
        1.62226157e-06, 7.45149852e-05],
       [3.70422342e+05, 3.85855313e+00, 1.19830810e-19, 5.88558435e-21,
        3.56787500e-19, 6.21973020e-20, 3.84895461e-12, 1.62226157e-06,
        1.12172379e+05, 5.15238935e+06],
       [1.70145283e+07, 1.77234076e+02, 5.50416239e-18, 2.70341258e-19,
        1.63882422e-17, 2.85689506e-18, 1.76793190e-10, 7.45149852e-05,
        5.15238935e+06, 2.36663572e+08]])]

 max variance
[537012826.1958617, 58163027.79180056, 236663572.1613051]

 cost matrix
[array([[ 9.09644929e+02, -1.54146344e+01, -6.02914800e+02,
         1.25911418e+01,  3.04177497e+01, -1.82030160e+01,
         2.66363884e-01,  2.91766346e+01,  3.80407799e+02,
         7.67976678e+02],
       [-1.54146344e+01,  2.78044038e-01,  1.18286792e+01,
        -2.41949277e-01, -5.11228690e-01,  3.15166715e-01,
        -4.38339823e-03, -1.45727608e+00, -5.84751595e+00,
        -1.01731364e+01],
       [-6.02914800e+02,  1.18286792e+01,  8.92371790e+02,
        -2.46807016e+01, -4.08102164e+01,  3.13770349e+01,
        -1.80765599e-01, -1.00064559e+02,  1.21090042e+02,
         1.45707559e+03],
       [ 1.25911418e+01, -2.41949277e-01, -2.46807016e+01,
         9.74270140e-01,  1.39376323e+00, -1.35157912e+00,
         2.51014813e-03,  1.36216371e+00, -8.64599849e+00,
        -7.23749456e+01],
       [ 3.04177497e+01, -5.11228690e-01, -4.08102164e+01,
         1.39376323e+00,  2.61964871e+00, -2.11450201e+00,
         1.08394149e-02,  9.47765960e-01, -9.26459831e+00,
        -9.17062678e+01],
       [-1.82030160e+01,  3.15166715e-01,  3.13770349e+01,
        -1.35157912e+00, -2.11450201e+00,  2.06478128e+00,
        -3.69903807e-03, -7.19962076e-01,  1.12465194e+01,
         9.91244416e+01],
       [ 2.66363884e-01, -4.38339823e-03, -1.80765599e-01,
         2.51014813e-03,  1.08394149e-02, -3.69903807e-03,
         1.71795313e-04,  1.81597801e-02,  6.09619105e-02,
         7.04976080e-02],
       [ 2.91766346e+01, -1.45727608e+00, -1.00064559e+02,
         1.36216371e+00,  9.47765960e-01, -7.19962076e-01,
         1.81597801e-02,  9.43360608e+01, -4.12064105e+01,
        -7.83798770e+01],
       [ 3.80407799e+02, -5.84751595e+00,  1.21090042e+02,
        -8.64599849e+00, -9.26459831e+00,  1.12465194e+01,
         6.09619105e-02, -4.12064105e+01,  5.24522000e+02,
         2.06715104e+03],
       [ 7.67976678e+02, -1.01731364e+01,  1.45707559e+03,
        -7.23749456e+01, -9.17062678e+01,  9.91244416e+01,
         7.04976080e-02, -7.83798770e+01,  2.06715104e+03,
         1.06981623e+04]]), array([[ 1.47580576e+00, -4.22124153e-03,  2.05865867e+01,
        -9.40286593e-01, -1.44386761e+00,  1.43364923e+00,
        -7.65737772e-04, -6.33742377e-02,  2.36817867e+01,
         7.06764665e+01],
       [-4.22124153e-03,  1.26180024e-05, -7.64367037e-02,
         2.93792110e-03,  4.76643652e-03, -4.51944971e-03,
         2.97356481e-06,  2.59853250e-04, -8.76184018e-02,
        -2.24107775e-01],
       [ 2.05865867e+01, -7.64367037e-02,  1.87737853e+03,
        -3.00016793e+01, -4.17018203e+01,  3.20893672e+01,
        -2.25049125e-02, -5.79397738e+00,  1.54416828e+03,
         3.00483299e+03],
       [-9.40286593e-01,  2.93792110e-03, -3.00016793e+01,
         8.26703875e-01,  1.20576788e+00, -1.08743146e+00,
         6.64188873e-04,  9.03574776e-02, -2.92808310e+01,
        -6.97559086e+01],
       [-1.44386761e+00,  4.76643652e-03, -4.17018203e+01,
         1.20576788e+00,  2.23351205e+00, -1.88932467e+00,
         1.62555963e-03,  1.48198379e-01, -4.73398047e+01,
        -1.01683002e+02],
       [ 1.43364923e+00, -4.51944971e-03,  3.20893672e+01,
        -1.08743146e+00, -1.88932467e+00,  1.72044355e+00,
        -1.37773387e-03, -1.18355370e-01,  3.75106773e+01,
         8.25289728e+01],
       [-7.65737772e-04,  2.97356481e-06, -2.25049125e-02,
         6.64188873e-04,  1.62555963e-03, -1.37773387e-03,
         1.86182377e-06,  1.30551318e-04, -3.27723563e-02,
        -3.98867972e-02],
       [-6.33742377e-02,  2.59853250e-04, -5.79397738e+00,
         9.03574776e-02,  1.48198379e-01, -1.18355370e-01,
         1.30551318e-04,  2.41838536e-02, -5.12442941e+00,
        -8.01868800e+00],
       [ 2.36817867e+01, -8.76184018e-02,  1.54416828e+03,
        -2.92808310e+01, -4.73398047e+01,  3.75106773e+01,
        -3.27723563e-02, -5.12442941e+00,  1.43058595e+03,
         2.71770439e+03],
       [ 7.06764665e+01, -2.24107775e-01,  3.00483299e+03,
        -6.97559086e+01, -1.01683002e+02,  8.25289728e+01,
        -3.98867972e-02, -8.01868800e+00,  2.71770439e+03,
         6.97847176e+03]]), array([[ 3.49747168e+02, -1.12880224e+00, -1.98925230e-10,
         4.40859714e-11, -3.43249913e-10,  1.43314916e-10,
         1.12739737e-06,  7.31924109e-04,  1.92463592e+02,
         1.30439750e+03],
       [-1.12880224e+00,  3.64318746e-03,  6.42027343e-13,
        -1.42286623e-13,  1.10783247e-12, -4.62546128e-13,
        -3.63865333e-09, -2.36227067e-06, -6.21172531e-01,
        -4.20991777e+00],
       [-1.98925230e-10,  6.42027343e-13,  1.13142437e-22,
        -2.50747191e-23,  1.95229795e-22, -8.15130335e-23,
        -6.41228294e-19, -4.16295505e-16, -1.09467260e-10,
        -7.41900424e-10],
       [ 4.40859714e-11, -1.42286623e-13, -2.50747191e-23,
         5.55707966e-24, -4.32669861e-23,  1.80649848e-23,
         1.42109536e-19,  9.22597484e-17,  2.42602233e-11,
         1.64420576e-10],
       [-3.43249913e-10,  1.10783247e-12,  1.95229795e-22,
        -4.32669861e-23,  3.36873357e-22, -1.40652554e-22,
        -1.10645370e-18, -7.18327161e-16, -1.88888194e-10,
        -1.28016570e-09],
       [ 1.43314916e-10, -4.62546128e-13, -8.15130335e-23,
         1.80649848e-23, -1.40652554e-22,  5.87257511e-23,
         4.61970456e-19,  2.99918493e-16,  7.88652661e-11,
         5.34499304e-10],
       [ 1.12739737e-06, -3.63865333e-09, -6.41228294e-19,
         1.42109536e-19, -1.10645370e-18,  4.61970456e-19,
         3.63682489e-15,  2.36092027e-12,  6.20399439e-07,
         4.20467823e-06],
       [ 7.31924109e-04, -2.36227067e-06, -4.16295505e-16,
         9.22597484e-17, -7.18327161e-16,  2.99918493e-16,
         2.36092027e-12,  1.55137647e-09,  4.02773072e-04,
         2.72974329e-03],
       [ 1.92463592e+02, -6.21172531e-01, -1.09467260e-10,
         2.42602233e-11, -1.88888194e-10,  7.88652661e-11,
         6.20399439e-07,  4.02773072e-04,  1.05911463e+02,
         7.17801459e+02],
       [ 1.30439750e+03, -4.20991777e+00, -7.41900424e-10,
         1.64420576e-10, -1.28016570e-09,  5.34499304e-10,
         4.20467823e-06,  2.72974329e-03,  7.17801459e+02,
         4.86480803e+03]])]
