solve time: 1.2701647281646729

 number of processors: 8

 number of functions evaluations
[7.0, 9.0, 9.0]

 variance
[array([[7.05376126e+06, 6.66933265e+02, 1.07426883e+06, 2.26851004e+03,
        8.16284763e+03, 1.83035713e+03, 3.30615502e-02, 1.21552293e+03,
        2.57153764e+06, 1.48624528e+07],
       [6.66933265e+02, 8.61613599e-02, 8.14564016e+01, 2.35560576e-01,
        1.32233126e+00, 1.93965002e-01, 3.95471027e-05, 4.43956096e-01,
        2.90763732e+02, 1.84236000e+03],
       [1.07426883e+06, 8.14564016e+01, 7.95282484e+04, 3.75464498e+02,
        2.31786045e+03, 2.45523076e+02, 7.57964812e-02, 3.45418867e+03,
        7.52435964e+05, 4.54450404e+06],
       [2.26851004e+03, 2.35560576e-01, 3.75464498e+02, 1.54648076e+00,
        4.16121798e-01, 1.11043020e+00, 2.14924300e-05, 1.91675438e+00,
        5.34204827e+02, 9.02878801e+03],
       [8.16284763e+03, 1.32233126e+00, 2.31786045e+03, 4.16121798e-01,
        3.98900127e+01, 1.10032810e+00, 1.54118646e-04, 1.80298897e+00,
        3.00105152e+03, 8.59569658e+03],
       [1.83035713e+03, 1.93965002e-01, 2.45523076e+02, 1.11043020e+00,
        1.10032810e+00, 7.89740423e-01, 4.05596336e-05, 7.75031951e-01,
        5.25846812e+02, 6.46901253e+03],
       [3.30615502e-02, 3.95471027e-05, 7.57964812e-02, 2.14924300e-05,
        1.54118646e-04, 4.05596336e-05, 3.84230902e-08, 5.43744592e-05,
        2.02286295e-02, 2.50012009e-01],
       [1.21552293e+03, 4.43956096e-01, 3.45418867e+03, 1.91675438e+00,
        1.80298897e+00, 7.75031951e-01, 5.43744592e-05, 2.99119957e+01,
        3.49079811e+02, 3.67176850e+03],
       [2.57153764e+06, 2.90763732e+02, 7.52435964e+05, 5.34204827e+02,
        3.00105152e+03, 5.25846812e+02, 2.02286295e-02, 3.49079811e+02,
        7.24378448e+05, 2.40132915e+06],
       [1.48624528e+07, 1.84236000e+03, 4.54450404e+06, 9.02878801e+03,
        8.59569658e+03, 6.46901253e+03, 2.50012009e-01, 3.67176850e+03,
        2.40132915e+06, 3.32711741e+07]]), array([[1.97534990e-02, 4.34651137e-07, 1.07189293e+02, 1.98230657e-01,
        3.87496481e-01, 1.48898010e-01, 2.14460240e-06, 3.03251127e-02,
        8.54887755e+01, 9.72594468e+02],
       [4.34651137e-07, 1.13274738e-11, 2.25569353e-03, 3.27174618e-06,
        5.40683456e-06, 3.27675235e-06, 3.35059407e-11, 1.66468366e-06,
        1.64908125e-03, 1.86352322e-02],
       [1.07189293e+02, 2.25569353e-03, 2.13321301e+06, 3.68703563e+03,
        3.69554303e+03, 6.18353755e+02, 3.31156366e-02, 4.99448214e+02,
        1.73102235e+06, 7.64043956e+06],
       [1.98230657e-01, 3.27174618e-06, 3.68703563e+03, 5.85901050e+00,
        5.70344961e-01, 1.32224536e+00, 6.10773748e-06, 1.20139117e-01,
        2.73103189e+03, 9.36226084e+03],
       [3.87496481e-01, 5.40683456e-06, 3.69554303e+03, 5.70344961e-01,
        3.89798744e+01, 1.18001999e+00, 5.14687015e-05, 2.24950525e-01,
        2.52119689e+03, 4.95637454e+04],
       [1.48898010e-01, 3.27675235e-06, 6.18353755e+02, 1.32224536e+00,
        1.18001999e+00, 1.19292833e+00, 3.16776081e-06, 3.37132657e-01,
        4.24733179e+02, 4.87130526e+03],
       [2.14460240e-06, 3.35059407e-11, 3.31156366e-02, 6.10773748e-06,
        5.14687015e-05, 3.16776081e-06, 9.39667628e-10, 5.63661134e-08,
        2.45170525e-02, 2.95633931e-01],
       [3.03251127e-02, 1.66468366e-06, 4.99448214e+02, 1.20139117e-01,
        2.24950525e-01, 3.37132657e-01, 5.63661134e-08, 7.85722324e-01,
        1.13400040e+02, 2.29395167e+03],
       [8.54887755e+01, 1.64908125e-03, 1.73102235e+06, 2.73103189e+03,
        2.52119689e+03, 4.24733179e+02, 2.45170525e-02, 1.13400040e+02,
        1.38015497e+06, 6.30217233e+06],
       [9.72594468e+02, 1.86352322e-02, 7.64043956e+06, 9.36226084e+03,
        4.95637454e+04, 4.87130526e+03, 2.95633931e-01, 2.29395167e+03,
        6.30217233e+06, 9.64781968e+07]]), array([[3.44131450e+05, 4.00072871e+00, 2.72715810e-38, 1.52345010e-36,
        5.41277157e-38, 1.21501079e-36, 1.01828368e-06, 2.50210830e+01,
        4.04924686e+05, 4.16913679e+06],
       [4.00072871e+00, 4.60436337e-05, 3.17327681e-43, 1.77399302e-41,
        6.30193367e-43, 1.41492617e-41, 1.30572836e-09, 3.24291160e-02,
        4.70965265e+00, 4.84698343e+01],
       [2.72715810e-38, 3.17327681e-43, 6.80866264e-81, 1.18798323e-79,
        1.25224824e-80, 1.21066967e-79, 1.65828511e-50, 4.19993764e-43,
        3.20884037e-38, 3.30393463e-37],
       [1.52345010e-36, 1.77399302e-41, 1.18798323e-79, 6.63306383e-78,
        2.98891804e-79, 5.63302740e-78, 4.05366699e-52, 1.96156235e-42,
        1.79248702e-36, 1.84564779e-35],
       [5.41277157e-38, 6.30193367e-43, 1.25224824e-80, 2.98891804e-79,
        1.17345010e-79, 3.81276581e-79, 1.53529692e-51, 9.59001268e-44,
        6.36868250e-38, 6.55753181e-37],
       [1.21501079e-36, 1.41492617e-41, 1.21066967e-79, 5.63302740e-78,
        3.81276581e-79, 4.40549618e-78, 5.54106202e-51, 1.80718487e-42,
        1.42957522e-36, 1.47197583e-35],
       [1.01828368e-06, 1.30572836e-09, 1.65828511e-50, 4.05366699e-52,
        1.53529692e-51, 5.54106202e-51, 5.93631073e-12, 1.47845714e-04,
        6.07549089e-07, 1.19573262e-05],
       [2.50210830e+01, 3.24291160e-02, 4.19993764e-43, 1.96156235e-42,
        9.59001268e-44, 1.80718487e-42, 1.47845714e-04, 3.68213471e+03,
        1.49967457e+01, 2.93833653e+02],
       [4.04924686e+05, 4.70965265e+00, 3.20884037e-38, 1.79248702e-36,
        6.36868250e-38, 1.42957522e-36, 6.07549089e-07, 1.49967457e+01,
        4.76450496e+05, 4.90564021e+06],
       [4.16913679e+06, 4.84698343e+01, 3.30393463e-37, 1.84564779e-35,
        6.55753181e-37, 1.47197583e-35, 1.19573262e-05, 2.93833653e+02,
        4.90564021e+06, 5.05088996e+07]])]

 max variance
[33271174.069042478, 96478196.84532315, 50508899.59755015]

 cost matrix
[array([[ 2.08238875e+03, -2.63389986e+01, -1.22963673e+03,
         2.95105132e+01,  7.37352346e+01, -3.47346646e+01,
         1.49466826e-01,  8.16704753e+00,  8.13229446e+02,
         1.93656834e+03],
       [-2.63389986e+01,  3.96404246e-01,  1.87113122e+01,
        -3.98131423e-01, -1.03412139e+00,  4.82960400e-01,
        -4.05348509e-03, -1.28833591e-01, -7.93693834e+00,
        -1.97153475e+01],
       [-1.22963673e+03,  1.87113122e+01,  1.05733959e+03,
        -2.06205641e+01, -5.10735315e+01,  2.23035937e+01,
        -2.02893835e-01, -2.00088704e+01, -2.20951081e+02,
        -4.45042752e+02],
       [ 2.95105132e+01, -3.98131423e-01, -2.06205641e+01,
         7.00847691e-01,  7.73334866e-01, -6.34400349e-01,
         3.12108109e-03,  3.62172912e-01,  7.27893766e+00,
         2.82566093e+01],
       [ 7.37352346e+01, -1.03412139e+00, -5.10735315e+01,
         7.73334866e-01,  4.12873405e+00, -1.11027843e+00,
         9.45370318e-03,  6.11974874e-01,  2.05714011e+01,
         3.57141373e+01],
       [-3.47346646e+01,  4.82960400e-01,  2.23035937e+01,
        -6.34400349e-01, -1.11027843e+00,  6.77879274e-01,
        -4.17028066e-03, -1.46468155e-01, -1.14413803e+01,
        -3.39258114e+01],
       [ 1.49466826e-01, -4.05348509e-03, -2.02893835e-01,
         3.12108109e-03,  9.45370318e-03, -4.17028066e-03,
         1.21700964e-04, -1.62720842e-03, -2.84898498e-02,
        -9.35824106e-02],
       [ 8.16704753e+00, -1.28833591e-01, -2.00088704e+01,
         3.62172912e-01,  6.11974874e-01, -1.46468155e-01,
        -1.62720842e-03,  2.31280697e+00, -9.70635354e+00,
        -3.30794881e+01],
       [ 8.13229446e+02, -7.93693834e+00, -2.20951081e+02,
         7.27893766e+00,  2.05714011e+01, -1.14413803e+01,
        -2.84898498e-02, -9.70635354e+00,  5.62353404e+02,
         1.28052866e+03],
       [ 1.93656834e+03, -1.97153475e+01, -4.45042752e+02,
         2.82566093e+01,  3.57141373e+01, -3.39258114e+01,
        -9.35824106e-02, -3.30794881e+01,  1.28052866e+03,
         3.84788216e+03]]), array([[ 1.83353208e-01, -7.76596361e-04,  1.80430305e+01,
        -4.51574362e-01, -6.79268881e-01,  4.08616549e-01,
        -6.57706932e-04, -1.09152116e-01,  1.43613247e+01,
         4.45014312e+01],
       [-7.76596361e-04,  3.49183347e-06, -7.60803084e-02,
         1.86108125e-03,  2.68072118e-03, -1.79236140e-03,
         2.62143552e-06,  6.19399742e-04, -5.90521526e-02,
        -1.88429847e-01],
       [ 1.80430305e+01, -7.60803084e-02,  2.32343883e+03,
        -5.02411165e+01, -7.16601523e+01,  3.82702175e+01,
        -7.91999511e-02, -1.14923675e+01,  1.85755705e+03,
         4.96783795e+03],
       [-4.51574362e-01,  1.86108125e-03, -5.02411165e+01,
         1.62187920e+00,  1.12977489e+00, -1.01641888e+00,
         1.09638486e-03,  2.27394587e-01, -4.07788775e+01,
        -1.06552918e+02],
       [-6.79268881e-01,  2.68072118e-03, -7.16601523e+01,
         1.12977489e+00,  4.09666053e+00, -1.33423588e+00,
         3.52407631e-03,  3.19200706e-01, -5.75366919e+01,
        -1.87980297e+02],
       [ 4.08616549e-01, -1.79236140e-03,  3.82702175e+01,
        -1.01641888e+00, -1.33423588e+00,  9.87056984e-01,
        -9.14305826e-04, -3.01252728e-01,  2.95700322e+01,
         9.18894018e+01],
       [-6.57706932e-04,  2.62143552e-06, -7.91999511e-02,
         1.09638486e-03,  3.52407631e-03, -9.14305826e-04,
         1.07060676e-05,  1.54500601e-04, -6.66586428e-02,
        -2.32071739e-01],
       [-1.09152116e-01,  6.19399742e-04, -1.14923675e+01,
         2.27394587e-01,  3.19200706e-01, -3.01252728e-01,
         1.54500601e-04,  3.41637164e-01, -6.68272708e+00,
        -2.88341278e+01],
       [ 1.43613247e+01, -5.90521526e-02,  1.85755705e+03,
        -4.07788775e+01, -5.75366919e+01,  2.95700322e+01,
        -6.66586428e-02, -6.68272708e+00,  1.51184191e+03,
         3.96071317e+03],
       [ 4.45014312e+01, -1.88429847e-01,  4.96783795e+03,
        -1.06552918e+02, -1.87980297e+02,  9.18894018e+01,
        -2.32071739e-01, -2.88341278e+01,  3.96071317e+03,
         1.25681605e+04]]), array([[ 1.95699418e+02, -6.72327999e-01,  5.50670964e-20,
        -4.11428320e-19,  7.75573543e-20, -3.67414179e-19,
         3.39825936e-04,  1.90311380e+00,  2.12233661e+02,
         6.81153566e+02],
       [-6.72327999e-01,  2.45590213e-03, -1.88489609e-22,
         1.40400454e-21, -2.64835551e-22,  1.25345995e-21,
        -1.20568016e-05, -6.08768209e-02, -7.27723114e-01,
        -2.33986921e+00],
       [ 5.50670964e-20, -1.88489609e-22,  4.48356331e-41,
        -1.57207675e-40, -1.75182464e-41, -4.87664897e-41,
         4.38933298e-26,  2.77379677e-22,  5.97262938e-20,
         1.91668302e-19],
       [-4.11428320e-19,  1.40400454e-21, -1.57207675e-40,
         9.30952297e-40, -8.41951645e-41,  6.62305336e-40,
        -9.18129796e-27, -4.81746171e-22, -4.46280279e-19,
        -1.43203772e-18],
       [ 7.75573543e-20, -2.64835551e-22, -1.75182464e-41,
        -8.41951645e-41,  1.62970407e-40, -3.30807042e-40,
         1.43815619e-26,  1.53943224e-22,  8.41255747e-20,
         2.69949672e-19],
       [-3.67414179e-19,  1.25345995e-21, -4.87664897e-41,
         6.62305336e-40, -3.30807042e-40,  9.56389593e-40,
         1.76100979e-26, -3.01417426e-22, -3.98541050e-19,
        -1.27884050e-18],
       [ 3.39825936e-04, -1.20568016e-05,  4.38933298e-26,
        -9.18129796e-27,  1.43815619e-26,  1.76100979e-26,
         8.12151569e-07,  4.05306471e-03,  2.63564152e-04,
         1.16468481e-03],
       [ 1.90311380e+00, -6.08768209e-02,  2.77379677e-22,
        -4.81746171e-22,  1.53943224e-22, -3.01417426e-22,
         4.05306471e-03,  2.02271503e+01,  1.54007998e+00,
         6.53359307e+00],
       [ 2.12233661e+02, -7.27723114e-01,  5.97262938e-20,
        -4.46280279e-19,  8.41255747e-20, -3.98541050e-19,
         2.63564152e-04,  1.54007998e+00,  2.30178426e+02,
         7.38705179e+02],
       [ 6.81153566e+02, -2.33986921e+00,  1.91668302e-19,
        -1.43203772e-18,  2.69949672e-19, -1.27884050e-18,
         1.16468481e-03,  6.53359307e+00,  7.38705179e+02,
         2.37083107e+03]])]

 number of difficult parameters
1
