solve time: 56.865214109420776

 number of processors: 8

 number of functions evaluations
[720.0, 832.0, 832.0]

 variance
[array([[4.54475655e+06, 5.32290079e+02, 1.01917334e+06, 2.58151998e+03,
        3.70622824e+03, 7.07574659e+03, 1.64713409e-01, 6.76287666e+04,
        7.09032271e+05, 1.35610072e+07],
       [5.32290079e+02, 1.16246174e-01, 1.42555788e+02, 2.90989652e-01,
        4.38980281e-01, 8.76566590e-01, 5.20031205e-05, 6.33379439e+01,
        1.34737963e+02, 2.74166521e+03],
       [1.01917334e+06, 1.42555788e+02, 1.79635689e+05, 7.35367116e+02,
        1.06801891e+03, 2.46536972e+03, 8.95719595e-02, 8.67843022e+04,
        5.62795617e+05, 9.03076419e+06],
       [2.58151998e+03, 2.90989652e-01, 7.35367116e+02, 7.60756355e+00,
        3.79888922e+00, 2.22640865e+01, 1.60060539e-04, 4.82363018e+01,
        7.98471413e+02, 1.76021720e+04],
       [3.70622824e+03, 4.38980281e-01, 1.06801891e+03, 3.79888922e+00,
        1.62929995e+01, 2.54118296e+01, 1.33713264e-04, 4.97558734e+01,
        1.09568697e+03, 1.66921359e+04],
       [7.07574659e+03, 8.76566590e-01, 2.46536972e+03, 2.22640865e+01,
        2.54118296e+01, 1.55002521e+02, 3.04487160e-04, 8.99720281e+01,
        2.17042862e+03, 4.02939533e+04],
       [1.64713409e-01, 5.20031205e-05, 8.95719595e-02, 1.60060539e-04,
        1.33713264e-04, 3.04487160e-04, 2.32542482e-07, 2.73886756e-02,
        4.04946719e-02, 1.23294012e+00],
       [6.76287666e+04, 6.33379439e+01, 8.67843022e+04, 4.82363018e+01,
        4.97558734e+01, 8.99720281e+01, 2.73886756e-02, 1.33097105e+05,
        2.11141236e+04, 1.65491988e+05],
       [7.09032271e+05, 1.34737963e+02, 5.62795617e+05, 7.98471413e+02,
        1.09568697e+03, 2.17042862e+03, 4.04946719e-02, 2.11141236e+04,
        3.67599722e+05, 6.45373577e+06],
       [1.35610072e+07, 2.74166521e+03, 9.03076419e+06, 1.76021720e+04,
        1.66921359e+04, 4.02939533e+04, 1.23294012e+00, 1.65491988e+05,
        6.45373577e+06, 4.39946147e+08]]), array([[5.29383517e+00, 5.93848850e-05, 8.19802441e+02, 3.43625565e+00,
        3.80125865e+00, 1.95530127e+01, 2.45926961e-05, 2.22565192e+00,
        1.14311675e+03, 5.51484571e+03],
       [5.93848850e-05, 7.38228856e-10, 1.07627767e-02, 3.95267127e-05,
        4.78417824e-05, 2.44707955e-04, 2.87403563e-10, 5.05247568e-05,
        1.56700634e-02, 6.71510846e-02],
       [8.19802441e+02, 1.07627767e-02, 4.69409780e+06, 1.88880166e+03,
        2.80879886e+03, 5.17658523e+03, 5.06806755e-02, 4.68276003e+03,
        2.21262994e+06, 5.68035681e+06],
       [3.43625565e+00, 3.95267127e-05, 1.88880166e+03, 5.35749190e+00,
        3.49392276e+00, 1.51330363e+01, 5.67385966e-05, 9.42821830e+00,
        1.89896383e+03, 6.92466947e+03],
       [3.80125865e+00, 4.78417824e-05, 2.80879886e+03, 3.49392276e+00,
        1.29280719e+01, 2.32052954e+01, 5.45277180e-05, 5.33588932e+00,
        2.91955794e+03, 9.12557233e+03],
       [1.95530127e+01, 2.44707955e-04, 5.17658523e+03, 1.51330363e+01,
        2.32052954e+01, 1.27549511e+02, 1.09033584e-04, 1.14982960e+01,
        5.50711623e+03, 1.90644030e+04],
       [2.45926961e-05, 2.87403563e-10, 5.06806755e-02, 5.67385966e-05,
        5.45277180e-05, 1.09033584e-04, 1.31332962e-08, 2.22636455e-05,
        3.17893406e-02, 2.17162183e-01],
       [2.22565192e+00, 5.05247568e-05, 4.68276003e+03, 9.42821830e+00,
        5.33588932e+00, 1.14982960e+01, 2.22636455e-05, 1.49396920e+04,
        3.85379204e+03, 1.59261307e+04],
       [1.14311675e+03, 1.56700634e-02, 2.21262994e+06, 1.89896383e+03,
        2.91955794e+03, 5.50711623e+03, 3.17893406e-02, 3.85379204e+03,
        2.52092839e+06, 4.54048460e+06],
       [5.51484571e+03, 6.71510846e-02, 5.68035681e+06, 6.92466947e+03,
        9.12557233e+03, 1.90644030e+04, 2.17162183e-01, 1.59261307e+04,
        4.54048460e+06, 3.47590263e+07]]), array([[2.60974069e+06, 1.33925300e+02, 2.25725899e-13, 1.83873768e-13,
        1.11791422e-13, 3.21605687e-14, 1.62340555e-03, 9.09570806e+03,
        2.15908603e+06, 3.30520545e+07],
       [1.33925300e+02, 1.21243235e-02, 6.19569965e-18, 5.40089762e-18,
        2.67086154e-18, 8.12946067e-19, 3.32321382e-07, 1.65347478e+00,
        1.30708059e+02, 2.12440141e+03],
       [2.25725899e-13, 6.19569965e-18, 1.11320693e-30, 9.14396881e-31,
        3.11289791e-31, 8.24475608e-32, 1.04128188e-31, 1.48045721e-21,
        3.17287342e-13, 1.02238434e-12],
       [1.83873768e-13, 5.40089762e-18, 9.14396881e-31, 7.55481317e-31,
        2.41163544e-31, 6.33680323e-32, 1.70798324e-31, 1.32061976e-21,
        2.56887442e-13, 9.61557053e-13],
       [1.11791422e-13, 2.67086154e-18, 3.11289791e-31, 2.41163544e-31,
        1.81108951e-31, 5.33403861e-32, 7.14846208e-31, 2.48232588e-21,
        1.34177947e-13, 7.37221945e-13],
       [3.21605687e-14, 8.12946067e-19, 8.24475608e-32, 6.33680323e-32,
        5.33403861e-32, 1.59909814e-32, 4.93671554e-32, 1.43380803e-22,
        3.92735828e-14, 2.57184681e-13],
       [1.62340555e-03, 3.32321382e-07, 1.04128188e-31, 1.70798324e-31,
        7.14846208e-31, 4.93671554e-32, 2.23347198e-10, 9.75580563e-05,
        1.65125714e-03, 1.49102778e-02],
       [9.09570806e+03, 1.65347478e+00, 1.48045721e-21, 1.32061976e-21,
        2.48232588e-21, 1.43380803e-22, 9.75580563e-05, 5.79163337e+03,
        7.57137047e+03, 4.68045317e+04],
       [2.15908603e+06, 1.30708059e+02, 3.17287342e-13, 2.56887442e-13,
        1.34177947e-13, 3.92735828e-14, 1.65125714e-03, 7.57137047e+03,
        2.59555639e+06, 3.38008835e+07],
       [3.30520545e+07, 2.12440141e+03, 1.02238434e-12, 9.61557053e-13,
        7.37221945e-13, 2.57184681e-13, 1.49102778e-02, 4.68045317e+04,
        3.38008835e+07, 1.42428482e+09]])]

 max variance
[439946147.14233315, 34759026.33160493, 1424284815.2979596]

 cost matrix
[array([[ 1.37397515e+03, -1.88927915e+01, -8.09030149e+02,
         2.59451005e+01,  3.10777665e+01, -3.01614959e+01,
         1.18344199e-01,  2.93998377e+00,  4.34169188e+02,
         1.57172056e+03],
       [-1.88927915e+01,  3.16877788e-01,  1.32044163e+01,
        -3.66807867e-01, -4.46944638e-01,  4.26713064e-01,
        -2.28771115e-03, -9.67224885e-01, -5.35000304e+00,
        -2.04953797e+01],
       [-8.09030149e+02,  1.32044163e+01,  9.60276003e+02,
        -2.52670901e+01, -3.13541607e+01,  2.93771453e+01,
        -1.24399004e-01, -7.54280515e+01,  1.25056241e+02,
         3.35281555e+02],
       [ 2.59451005e+01, -3.66807867e-01, -2.52670901e+01,
         1.13222230e+00,  1.02551151e+00, -1.46609690e+00,
         3.38604409e-03,  1.32397635e+00, -2.27546281e+00,
        -6.27673554e+00],
       [ 3.10777665e+01, -4.46944638e-01, -3.13541607e+01,
         1.02551151e+00,  1.69165105e+00, -1.70127181e+00,
         3.95183832e-03,  1.60040228e+00, -3.57836020e+00,
        -9.54711519e+00],
       [-3.01614959e+01,  4.26713064e-01,  2.93771453e+01,
        -1.46609690e+00, -1.70127181e+00,  2.88646074e+00,
        -4.13968658e-03, -1.62033306e+00,  2.69195556e+00,
         6.42518955e+00],
       [ 1.18344199e-01, -2.28771115e-03, -1.24399004e-01,
         3.38604409e-03,  3.95183832e-03, -4.13968658e-03,
         1.20723343e-04,  1.66578389e-02,  2.57106993e-03,
         6.30319662e-02],
       [ 2.93998377e+00, -9.67224885e-01, -7.54280515e+01,
         1.32397635e+00,  1.60040228e+00, -1.62033306e+00,
         1.66578389e-02,  9.54633993e+01, -6.31605843e+01,
        -1.63974706e+02],
       [ 4.34169188e+02, -5.35000304e+00,  1.25056241e+02,
        -2.27546281e+00, -3.57836020e+00,  2.69195556e+00,
         2.57106993e-03, -6.31605843e+01,  5.52081451e+02,
         1.84244895e+03],
       [ 1.57172056e+03, -2.04953797e+01,  3.35281555e+02,
        -6.27673554e+00, -9.54711519e+00,  6.42518955e+00,
         6.30319662e-02, -1.63974706e+02,  1.84244895e+03,
         9.60165061e+03]]), array([[ 6.94980295e-01, -2.41793236e-03,  1.90765935e+01,
        -7.35506552e-01, -8.16100444e-01,  1.15380156e+00,
        -1.07468989e-03, -2.78573446e-01,  1.88351298e+01,
         4.62827620e+01],
       [-2.41793236e-03,  8.82895859e-06, -7.56088204e-02,
         2.72317767e-03,  3.07578889e-03, -4.34059052e-03,
         3.95406806e-06,  8.75577576e-04, -7.43170724e-02,
        -1.77819755e-01],
       [ 1.90765935e+01, -7.56088204e-02,  2.06193984e+03,
        -3.59976274e+01, -4.42397749e+01,  4.06215807e+01,
        -6.17880121e-02, -6.00267713e+00,  1.62379054e+03,
         3.34243670e+03],
       [-7.35506552e-01,  2.72317767e-03, -3.59976274e+01,
         1.19504623e+00,  1.09264287e+00, -1.49097722e+00,
         1.60705479e-03,  9.07856124e-02, -3.26541495e+01,
        -7.41256928e+01],
       [-8.16100444e-01,  3.07578889e-03, -4.42397749e+01,
         1.09264287e+00,  1.77060376e+00, -1.78657455e+00,
         1.95303817e-03,  1.98934321e-01, -4.06764723e+01,
        -9.12017892e+01],
       [ 1.15380156e+00, -4.34059052e-03,  4.06215807e+01,
        -1.49097722e+00, -1.78657455e+00,  2.88025309e+00,
        -2.05884526e-03, -3.31927444e-01,  3.75032118e+01,
         8.38927752e+01],
       [-1.07468989e-03,  3.95406806e-06, -6.17880121e-02,
         1.60705479e-03,  1.95303817e-03, -2.05884526e-03,
         2.18048849e-05,  5.47859409e-04, -5.29300620e-02,
        -1.37445967e-01],
       [-2.78573446e-01,  8.75577576e-04, -6.00267713e+00,
         9.07856124e-02,  1.98934321e-01, -3.31927444e-01,
         5.47859409e-04,  1.16694456e+01, -6.11997109e+00,
        -1.86450561e+01],
       [ 1.88351298e+01, -7.43170724e-02,  1.62379054e+03,
        -3.26541495e+01, -4.06764723e+01,  3.75032118e+01,
        -5.29300620e-02, -6.11997109e+00,  1.47121753e+03,
         2.87328909e+03],
       [ 4.62827620e+01, -1.77819755e-01,  3.34243670e+03,
        -7.41256928e+01, -9.12017892e+01,  8.38927752e+01,
        -1.37445967e-01, -1.86450561e+01,  2.87328909e+03,
         7.64911061e+03]]), array([[ 7.62410350e+02, -5.12418806e+00,  1.21992449e-08,
         8.24452072e-09, -1.33095252e-09, -4.44113304e-09,
         5.56525987e-03,  1.12805682e+01,  7.32153932e+02,
         3.22405991e+03],
       [-5.12418806e+00,  4.16180340e-02, -5.60941199e-11,
        -3.32804972e-11,  7.72666428e-12,  1.47791628e-11,
        -6.69108348e-05, -1.56684865e-01, -5.12936126e+00,
        -2.20600342e+01],
       [ 1.21992449e-08, -5.60941199e-11,  4.51442866e-17,
         3.91060271e-17,  2.01781904e-17, -1.53386717e-17,
        -1.16116089e-17,  8.88667730e-13,  1.28312012e-08,
         4.82537129e-09],
       [ 8.24452072e-09, -3.32804972e-11,  3.91060271e-17,
         3.68439562e-17,  2.13467458e-17, -1.24223365e-17,
        -1.46603662e-17,  5.09768003e-13,  9.65258641e-09,
        -4.31728387e-09],
       [-1.33095252e-09,  7.72666428e-12,  2.01781904e-17,
         2.13467458e-17,  2.64549890e-17, -2.77835532e-18,
        -3.02564941e-17, -1.29973372e-12, -2.32646201e-09,
        -1.81562511e-08],
       [-4.44113304e-09,  1.47791628e-11, -1.53386717e-17,
        -1.24223365e-17, -2.77835532e-18,  8.02824178e-18,
         5.52700091e-18, -5.21425387e-14, -3.59555803e-09,
        -3.74382574e-09],
       [ 5.56525987e-03, -6.69108348e-05, -1.16116089e-17,
        -1.46603662e-17, -3.02564941e-17,  5.52700091e-18,
         1.10740688e-06,  9.86430978e-04,  5.72831950e-03,
         1.94701001e-02],
       [ 1.12805682e+01, -1.56684865e-01,  8.88667730e-13,
         5.09768003e-13, -1.29973372e-12, -5.21425387e-14,
         9.86430978e-04,  8.05654572e+00,  1.05514570e+01,
         3.05308041e+01],
       [ 7.32153932e+02, -5.12936126e+00,  1.28312012e-08,
         9.65258641e-09, -2.32646201e-09, -3.59555803e-09,
         5.72831950e-03,  1.05514570e+01,  7.72357898e+02,
         3.26845074e+03],
       [ 3.22405991e+03, -2.20600342e+01,  4.82537129e-09,
        -4.31728387e-09, -1.81562511e-08, -3.74382574e-09,
         1.94701001e-02,  3.05308041e+01,  3.26845074e+03,
         1.85000362e+04]])]
