solve time: 1.3004944324493408

 number of processors: 8

 number of functions evaluations
[4.0, 7.0, 7.0]

 variance
[array([[2.17274669e+04, 1.84635708e+01, 5.55360048e+04, 4.84008796e+02,
        7.25625108e+01, 3.11309506e+01, 1.48614746e-03, 1.57197270e+05,
        2.32312478e+04, 6.19767761e+05],
       [1.84635708e+01, 6.52998425e-02, 8.52322184e+01, 2.30159129e-01,
        6.99363012e-02, 1.69419370e-02, 6.31579700e-06, 6.06710256e+02,
        4.72902931e+01, 3.07717910e+02],
       [5.55360048e+04, 8.52322184e+01, 2.16336907e+04, 7.98329609e+02,
        2.49804574e+02, 8.20556173e+01, 8.43302435e-03, 8.89547260e+05,
        6.26216938e+04, 6.23977315e+05],
       [4.84008796e+02, 2.30159129e-01, 7.98329609e+02, 7.81534475e+00,
        1.31236866e-01, 5.32877348e-01, 2.60832080e-06, 3.77039747e+01,
        1.13686593e+02, 1.11667226e+04],
       [7.25625108e+01, 6.99363012e-02, 2.49804574e+02, 1.31236866e-01,
        8.60965172e-01, 2.07060096e-01, 5.61031368e-06, 5.89692907e+02,
        2.68353706e+02, 1.66228796e+02],
       [3.11309506e+01, 1.69419370e-02, 8.20556173e+01, 5.32877348e-01,
        2.07060096e-01, 2.05066137e-01, 7.07143684e-07, 7.67999500e+01,
        1.60946904e+02, 7.48874552e+02],
       [1.48614746e-03, 6.31579700e-06, 8.43302435e-03, 2.60832080e-06,
        5.61031368e-06, 7.07143684e-07, 5.66404382e-10, 5.17273701e-02,
        4.57030846e-03, 9.80848959e-03],
       [1.57197270e+05, 6.06710256e+02, 8.89547260e+05, 3.77039747e+01,
        5.89692907e+02, 7.67999500e+01, 5.17273701e-02, 4.60103251e+06,
        4.66977643e+05, 9.59996936e+05],
       [2.32312478e+04, 4.72902931e+01, 6.26216938e+04, 1.13686593e+02,
        2.68353706e+02, 1.60946904e+02, 4.57030846e-03, 4.66977643e+05,
        1.30006004e+05, 1.01752209e+05],
       [6.19767761e+05, 3.07717910e+02, 6.23977315e+05, 1.11667226e+04,
        1.66228796e+02, 7.48874552e+02, 9.80848959e-03, 9.59996936e+05,
        1.01752209e+05, 1.42474565e+07]]), array([[1.62639525e-02, 3.52254070e-07, 1.98085727e+02, 7.18061624e-02,
        1.07492700e-01, 8.05924892e-02, 1.95238695e-09, 3.56476391e-03,
        1.76715733e+02, 3.89445714e+02],
       [3.52254070e-07, 8.30400350e-12, 3.46985602e-03, 1.44698195e-06,
        2.44605894e-06, 1.82408483e-06, 3.50125693e-14, 7.52814660e-08,
        4.45048598e-03, 8.74557439e-03],
       [1.98085727e+02, 3.46985602e-03, 4.14570938e+06, 6.08959183e+02,
        1.72286572e+03, 8.16911951e+02, 7.01475328e-06, 5.03253601e+01,
        2.95430615e+06, 6.23555455e+06],
       [7.18061624e-02, 1.44698195e-06, 6.08959183e+02, 1.63587349e+00,
        3.40598977e-01, 2.93790809e-01, 5.65907052e-08, 1.21233302e-01,
        7.56318991e+02, 5.68877197e+03],
       [1.07492700e-01, 2.44605894e-06, 1.72286572e+03, 3.40598977e-01,
        1.36199814e+00, 5.76716392e-01, 6.39699068e-09, 3.14620756e-02,
        2.21870957e+03, 4.33295380e+03],
       [8.05924892e-02, 1.82408483e-06, 8.16911951e+02, 2.93790809e-01,
        5.76716392e-01, 4.11856200e-01, 7.47191537e-09, 1.57516987e-02,
        9.44467361e+02, 1.80043097e+03],
       [1.95238695e-09, 3.50125693e-14, 7.01475328e-06, 5.65907052e-08,
        6.39699068e-09, 7.47191537e-09, 1.72051135e-15, 3.67795070e-09,
        9.69516660e-06, 2.04814872e-04],
       [3.56476391e-03, 7.52814660e-08, 5.03253601e+01, 1.21233302e-01,
        3.14620756e-02, 1.57516987e-02, 3.67795070e-09, 7.01847625e-03,
        7.21377281e+01, 5.59860018e+02],
       [1.76715733e+02, 4.45048598e-03, 2.95430615e+06, 7.56318991e+02,
        2.21870957e+03, 9.44467361e+02, 9.69516660e-06, 7.21377281e+01,
        4.39633720e+06, 8.77365020e+06],
       [3.89445714e+02, 8.74557439e-03, 6.23555455e+06, 5.68877197e+03,
        4.33295380e+03, 1.80043097e+03, 2.04814872e-04, 5.59860018e+02,
        8.77365020e+06, 2.58739649e+07]]), array([[8.07666650e+04, 1.69688671e+00, 6.17158868e-41, 6.44813457e-40,
        1.14645404e-43, 1.45997835e-39, 1.36364968e-08, 1.11488001e-01,
        9.41307283e+04, 8.73347944e+06],
       [1.69688671e+00, 3.56063706e-05, 1.50039162e-45, 1.39169461e-44,
        1.99160493e-46, 3.01681702e-44, 6.01559893e-13, 1.86327530e-04,
        1.97763570e+00, 1.83509472e+02],
       [6.17158868e-41, 1.50039162e-45, 3.51238322e-66, 4.48942322e-66,
        7.33457076e-66, 5.32155262e-66, 1.08028864e-53, 2.62854828e-46,
        7.16707719e-41, 6.60720473e-39],
       [6.44813457e-40, 1.39169461e-44, 4.48942322e-66, 1.04696145e-64,
        6.99775312e-66, 1.42477198e-65, 1.18588563e-52, 1.63871307e-45,
        7.50479059e-40, 6.95613530e-38],
       [1.14645404e-43, 1.99160493e-46, 7.33457076e-66, 6.99775312e-66,
        1.49443162e-65, 1.13925395e-65, 2.90622349e-52, 1.27942467e-43,
        6.29765141e-44, 3.17778077e-43],
       [1.45997835e-39, 3.01681702e-44, 5.32155262e-66, 1.42477198e-65,
        1.13925395e-65, 8.13177084e-66, 3.02146362e-52, 1.29028795e-44,
        1.70278559e-39, 1.58227003e-37],
       [1.36364968e-08, 6.01559893e-13, 1.08028864e-53, 1.18588563e-52,
        2.90622349e-52, 3.02146362e-52, 2.27791643e-16, 1.01743799e-07,
        1.58771503e-08, 1.50364934e-06],
       [1.11488001e-01, 1.86327530e-04, 2.62854828e-46, 1.63871307e-45,
        1.27942467e-43, 1.29028795e-44, 1.01743799e-07, 4.54032147e+01,
        1.48268170e-01, 4.68395195e+00],
       [9.41307283e+04, 1.97763570e+00, 7.16707719e-41, 7.50479059e-40,
        6.29765141e-44, 1.70278559e-39, 1.58771503e-08, 1.48268170e-01,
        1.09706062e+05, 1.01785779e+07],
       [8.73347944e+06, 1.83509472e+02, 6.60720473e-39, 6.95613530e-38,
        3.17778077e-43, 1.58227003e-37, 1.50364934e-06, 4.68395195e+00,
        1.01785779e+07, 9.44360569e+08]])]

 max variance
[14247456.457964428, 25873964.89796398, 944360569.0572354]

 cost matrix
[array([[ 1.73152970e+02, -5.36376806e+00, -3.25116651e+02,
         1.28348819e+01,  8.88108760e+00, -4.56240362e+00,
         3.18104000e-02,  2.23251462e+02, -1.91913289e+02,
        -6.41973004e+02],
       [-5.36376806e+00,  2.11264746e-01,  1.08610546e+01,
        -3.14435923e-01, -2.91652452e-01,  1.38212231e-01,
        -1.55008201e-03, -1.28757360e+01,  6.90702621e+00,
         1.82498417e+01],
       [-3.25116651e+02,  1.08610546e+01,  8.28028592e+02,
        -2.53178287e+01, -2.74156470e+01,  1.48334889e+01,
        -6.97700713e-02, -5.17786944e+02,  6.24411451e+02,
         1.42296745e+03],
       [ 1.28348819e+01, -3.14435923e-01, -2.53178287e+01,
         1.63299921e+00,  5.77000701e-01, -6.22745729e-01,
         1.33827311e-03,  4.89357602e+00, -1.46811070e+01,
        -6.91024125e+01],
       [ 8.88108760e+00, -2.91652452e-01, -2.74156470e+01,
         5.77000701e-01,  1.06926714e+00, -4.82466531e-01,
         1.83924397e-03,  1.35671211e+01, -2.32639487e+01,
        -3.91375703e+01],
       [-4.56240362e+00,  1.38212231e-01,  1.48334889e+01,
        -6.22745729e-01, -4.82466531e-01,  3.94313234e-01,
        -8.11546734e-04, -5.05633887e+00,  1.22571259e+01,
         3.07297863e+01],
       [ 3.18104000e-02, -1.55008201e-03, -6.97700713e-02,
         1.33827311e-03,  1.83924397e-03, -8.11546734e-04,
         1.29134938e-05,  1.15593423e-01, -4.74480988e-02,
        -9.82322637e-02],
       [ 2.23251462e+02, -1.28757360e+01, -5.17786944e+02,
         4.89357602e+00,  1.35671211e+01, -5.05633887e+00,
         1.15593423e-01,  1.07616445e+03, -3.68791456e+02,
        -5.86164913e+02],
       [-1.91913289e+02,  6.90702621e+00,  6.24411451e+02,
        -1.46811070e+01, -2.32639487e+01,  1.22571259e+01,
        -4.74480988e-02, -3.68791456e+02,  5.35292656e+02,
         9.43942019e+02],
       [-6.41973004e+02,  1.82498417e+01,  1.42296745e+03,
        -6.91024125e+01, -3.91375703e+01,  3.07297863e+01,
        -9.82322637e-02, -5.86164913e+02,  9.43942019e+02,
         3.20968190e+03]]), array([[ 1.10734369e-01, -5.05706977e-04,  1.27141252e+01,
        -2.81996919e-01, -2.86159613e-01,  2.38719525e-01,
        -2.55057471e-05, -3.62080579e-02,  1.23971812e+01,
         2.32702011e+01],
       [-5.05706977e-04,  2.41967928e-06, -6.02813181e-02,
         1.29311343e-03,  1.43450934e-03, -1.13780740e-03,
         1.09047966e-07,  1.42804629e-04, -6.35329720e-02,
        -1.12837843e-01],
       [ 1.27141252e+01, -6.02813181e-02,  1.92579772e+03,
        -2.95049566e+01, -4.28661954e+01,  2.94850125e+01,
        -1.42451904e-03, -1.82409479e+00,  1.85398273e+03,
         3.00756349e+03],
       [-2.81996919e-01,  1.29311343e-03, -2.95049566e+01,
         9.57015983e-01,  6.86460815e-01, -5.98508465e-01,
         1.10760513e-04,  1.65099326e-01, -3.09444791e+01,
        -7.34789212e+01],
       [-2.86159613e-01,  1.43450934e-03, -4.28661954e+01,
         6.86460815e-01,  1.05870343e+00, -7.05772974e-01,
         4.17354303e-05,  2.00219335e-02, -4.53014769e+01,
        -7.25218154e+01],
       [ 2.38719525e-01, -1.13780740e-03,  2.94850125e+01,
        -5.98508465e-01, -7.05772974e-01,  5.43192455e-01,
        -5.02618648e-05, -5.68604752e-02,  3.04977738e+01,
         5.35884676e+01],
       [-2.55057471e-05,  1.09047966e-07, -1.42451904e-03,
         1.10760513e-04,  4.17354303e-05, -5.02618648e-05,
         1.84495394e-08,  2.32645356e-05, -1.65365117e-03,
        -7.01469237e-03],
       [-3.62080579e-02,  1.42804629e-04, -1.82409479e+00,
         1.65099326e-01,  2.00219335e-02, -5.68604752e-02,
         2.32645356e-05,  4.78550693e-02, -1.61289459e+00,
        -9.29563563e+00],
       [ 1.23971812e+01, -6.35329720e-02,  1.85398273e+03,
        -3.09444791e+01, -4.53014769e+01,  3.04977738e+01,
        -1.65365117e-03, -1.61289459e+00,  2.02934178e+03,
         3.23779410e+03],
       [ 2.32702011e+01, -1.12837843e-01,  3.00756349e+03,
        -7.34789212e+01, -7.25218154e+01,  5.35884676e+01,
        -7.01469237e-03, -9.29563563e+00,  3.23779410e+03,
         6.48167243e+03]]), array([[ 1.07421282e+02, -4.92621294e-01,  2.86018919e-21,
        -9.51416986e-21,  1.50815725e-22, -1.45765348e-20,
         5.00170875e-05,  1.91687761e-01,  1.15969077e+02,
         1.11698805e+03],
       [-4.92621294e-01,  2.26775283e-03, -9.72212565e-24,
         4.10777658e-23, -5.66967176e-24,  7.10701101e-23,
        -4.51474459e-07, -5.57234932e-03, -5.31841921e-01,
        -5.12058651e+00],
       [ 2.86018919e-21, -9.72212565e-24,  7.31578071e-34,
        -4.23445275e-34, -1.00245824e-33,  9.52087872e-34,
         1.15492780e-27, -4.37084952e-24,  3.11755891e-21,
         3.05803201e-20],
       [-9.51416986e-21,  4.10777658e-23, -4.23445275e-34,
         4.61964159e-33,  1.26178623e-33,  1.20437498e-34,
        -3.43360919e-27,  7.88114145e-24, -1.03125768e-20,
        -9.96054435e-20],
       [ 1.50815725e-22, -5.66967176e-24, -1.00245824e-33,
         1.26178623e-33,  1.47982236e-33, -1.19999388e-33,
         6.49072304e-27,  1.43880524e-22,  1.18841907e-22,
         3.39751272e-22],
       [-1.45765348e-20,  7.10701101e-23,  9.52087872e-34,
         1.20437498e-34, -1.19999388e-33,  1.34214432e-33,
        -4.22716694e-27,  2.06892406e-23, -1.57011200e-20,
        -1.50527617e-19],
       [ 5.00170875e-05, -4.51474459e-07,  1.15492780e-27,
        -3.43360919e-27,  6.49072304e-27, -4.22716694e-27,
         5.72621201e-09,  1.20599119e-04,  5.45477646e-05,
         4.74161514e-04],
       [ 1.91687761e-01, -5.57234932e-03, -4.37084952e-24,
         7.88114145e-24,  1.43880524e-22,  2.06892406e-23,
         1.20599119e-04,  2.54686551e+00,  2.18577525e-01,
         1.02273000e+00],
       [ 1.15969077e+02, -5.31841921e-01,  3.11755891e-21,
        -1.03125768e-20,  1.18841907e-22, -1.57011200e-20,
         5.45477646e-05,  2.18577525e-01,  1.25197097e+02,
         1.20586531e+03],
       [ 1.11698805e+03, -5.12058651e+00,  3.05803201e-20,
        -9.96054435e-20,  3.39751272e-22, -1.50527617e-19,
         4.74161514e-04,  1.02273000e+00,  1.20586531e+03,
         1.16150359e+04]])]
