solve time: 59.23666214942932

 number of processors: 8

 number of functions evaluations
[854.0, 1000.0, 1000.0]

 variance
[array([[5.47481632e+06, 5.74520034e+02, 1.12986516e+06, 2.87380796e+03,
        2.88031342e+03, 5.96393222e+03, 1.55898828e-01, 6.60572906e+04,
        8.68208619e+05, 1.57789424e+07],
       [5.74520034e+02, 1.17231421e-01, 1.38820744e+02, 3.29173706e-01,
        3.44771883e-01, 8.59680734e-01, 5.17758609e-05, 5.25443902e+01,
        1.53186634e+02, 2.69012299e+03],
       [1.12986516e+06, 1.38820744e+02, 1.68908156e+05, 7.02561889e+02,
        8.95507323e+02, 1.79720226e+03, 1.00985163e-01, 7.34600157e+04,
        5.65378988e+05, 8.63381548e+06],
       [2.87380796e+03, 3.29173706e-01, 7.02561889e+02, 5.76821557e+00,
        2.50871595e+00, 1.17023793e+01, 1.32329494e-04, 4.19177781e+01,
        7.98002764e+02, 1.17099254e+04],
       [2.88031342e+03, 3.44771883e-01, 8.95507323e+02, 2.50871595e+00,
        1.38038460e+01, 1.32046111e+01, 1.75326449e-04, 5.37873281e+01,
        1.31524940e+03, 1.82716549e+04],
       [5.96393222e+03, 8.59680734e-01, 1.79720226e+03, 1.17023793e+01,
        1.32046111e+01, 6.69242292e+01, 2.11153441e-04, 1.71079921e+02,
        1.60547473e+03, 2.72284067e+04],
       [1.55898828e-01, 5.17758609e-05, 1.00985163e-01, 1.32329494e-04,
        1.75326449e-04, 2.11153441e-04, 3.91387995e-07, 1.68495221e-02,
        6.10572987e-02, 9.54858922e-01],
       [6.60572906e+04, 5.25443902e+01, 7.34600157e+04, 4.19177781e+01,
        5.37873281e+01, 1.71079921e+02, 1.68495221e-02, 1.01740221e+05,
        1.91287763e+04, 1.24859549e+05],
       [8.68208619e+05, 1.53186634e+02, 5.65378988e+05, 7.98002764e+02,
        1.31524940e+03, 1.60547473e+03, 6.10572987e-02, 1.91287763e+04,
        3.89106412e+05, 6.10274203e+06],
       [1.57789424e+07, 2.69012299e+03, 8.63381548e+06, 1.17099254e+04,
        1.82716549e+04, 2.72284067e+04, 9.54858922e-01, 1.24859549e+05,
        6.10274203e+06, 4.32421849e+08]]), array([[3.18770619e+00, 3.65839311e-05, 7.26463203e+02, 2.49377297e+00,
        3.21532018e+00, 1.09798357e+01, 2.63563391e-05, 1.36776280e+00,
        8.63084538e+02, 4.92252688e+03],
       [3.65839311e-05, 4.96291922e-10, 9.61250567e-03, 3.42720664e-05,
        4.42760903e-05, 1.98359209e-04, 3.36446751e-10, 4.38483909e-05,
        1.16270717e-02, 6.17478960e-02],
       [7.26463203e+02, 9.61250567e-03, 4.70862216e+06, 2.40302991e+03,
        3.03165257e+03, 6.63903416e+03, 4.81732643e-02, 7.43548078e+03,
        2.09315437e+06, 5.45345438e+06],
       [2.49377297e+00, 3.42720664e-05, 2.40302991e+03, 7.70031014e+00,
        4.09590723e+00, 2.26701422e+01, 4.15003689e-05, 8.16978298e+00,
        2.20142249e+03, 8.00584922e+03],
       [3.21532018e+00, 4.42760903e-05, 3.03165257e+03, 4.09590723e+00,
        2.14123847e+01, 3.04001503e+01, 5.88301512e-05, 1.58387654e+01,
        2.98801965e+03, 1.03154610e+04],
       [1.09798357e+01, 1.98359209e-04, 6.63903416e+03, 2.26701422e+01,
        3.04001503e+01, 1.83408462e+02, 6.54753283e-05, 2.33619084e+01,
        6.65713955e+03, 2.43480263e+04],
       [2.63563391e-05, 3.36446751e-10, 4.81732643e-02, 4.15003689e-05,
        5.88301512e-05, 6.54753283e-05, 1.57899911e-08, 2.26718842e-04,
        3.56329131e-02, 2.90796542e-01],
       [1.36776280e+00, 4.38483909e-05, 7.43548078e+03, 8.16978298e+00,
        1.58387654e+01, 2.33619084e+01, 2.26718842e-04, 9.82377115e+03,
        4.85109971e+03, 2.16399636e+04],
       [8.63084538e+02, 1.16270717e-02, 2.09315437e+06, 2.20142249e+03,
        2.98801965e+03, 6.65713955e+03, 3.56329131e-02, 4.85109971e+03,
        2.14493989e+06, 4.09059984e+06],
       [4.92252688e+03, 6.17478960e-02, 5.45345438e+06, 8.00584922e+03,
        1.03154610e+04, 2.43480263e+04, 2.90796542e-01, 2.16399636e+04,
        4.09059984e+06, 3.37511011e+07]]), array([[2.47588065e+06, 1.33358010e+02, 2.57897431e-14, 6.81768821e-14,
        5.16839444e-14, 1.05637618e-14, 5.66069830e-03, 1.43515043e+04,
        2.07419258e+06, 3.10146324e+07],
       [1.33358010e+02, 1.42871624e-02, 7.42090340e-19, 1.07098026e-18,
        2.36554640e-18, 3.17037851e-19, 1.58432823e-06, 3.73349691e+00,
        1.32510261e+02, 2.17090983e+03],
       [2.57897431e-14, 7.42090340e-19, 2.37281752e-32, 7.68689041e-33,
        3.79649683e-32, 5.96945882e-33, 7.19213138e-32, 8.69975130e-22,
        3.17440202e-14, 2.62046210e-13],
       [6.81768821e-14, 1.07098026e-18, 7.68689041e-33, 1.17897799e-31,
        1.11920870e-32, 7.50672108e-33, 1.22136179e-31, 9.34679015e-23,
        3.65048241e-14, 4.12847832e-13],
       [5.16839444e-14, 2.36554640e-18, 3.79649683e-32, 1.11920870e-32,
        8.33360394e-32, 1.20814371e-32, 1.67522783e-31, 2.46807717e-21,
        6.48310595e-14, 6.56504354e-13],
       [1.05637618e-14, 3.17037851e-19, 5.96945882e-33, 7.50672108e-33,
        1.20814371e-32, 3.59637286e-33, 3.29920114e-32, 3.17949164e-22,
        1.15620246e-14, 1.51542755e-13],
       [5.66069830e-03, 1.58432823e-06, 7.19213138e-32, 1.22136179e-31,
        1.67522783e-31, 3.29920114e-32, 1.31111014e-08, 1.44395247e-03,
        4.26697660e-03, 1.05012071e-01],
       [1.43515043e+04, 3.73349691e+00, 8.69975130e-22, 9.34679015e-23,
        2.46807717e-21, 3.17949164e-22, 1.44395247e-03, 1.57160818e+04,
        1.11219162e+04, 1.21425122e+05],
       [2.07419258e+06, 1.32510261e+02, 3.17440202e-14, 3.65048241e-14,
        6.48310595e-14, 1.15620246e-14, 4.26697660e-03, 1.11219162e+04,
        2.58458685e+06, 3.11037591e+07],
       [3.10146324e+07, 2.17090983e+03, 2.62046210e-13, 4.12847832e-13,
        6.56504354e-13, 1.51542755e-13, 1.05012071e-01, 1.21425122e+05,
        3.11037591e+07, 1.14524017e+09]])]

 max variance
[432421849.3823227, 33751101.10017529, 1145240168.92086]

 cost matrix
[array([[ 1.67299277e+03, -2.21656275e+01, -9.47569597e+02,
         3.04997058e+01,  3.35636809e+01, -3.29591882e+01,
         1.30986658e-01, -9.81528614e+00,  5.60019785e+02,
         1.98739665e+03],
       [-2.21656275e+01,  3.58458606e-01,  1.47491917e+01,
        -4.19103694e-01, -4.71032319e-01,  4.67163657e-01,
        -2.46958736e-03, -5.81153538e-01, -6.93421009e+00,
        -2.51078510e+01],
       [-9.47569597e+02,  1.47491917e+01,  9.65998366e+02,
        -2.61148977e+01, -3.03749530e+01,  2.85879147e+01,
        -1.37830486e-01, -6.03506680e+01,  1.22066240e+01,
        -8.68610282e+01],
       [ 3.04997058e+01, -4.19103694e-01, -2.61148977e+01,
         1.19377983e+00,  9.88131797e-01, -1.41462487e+00,
         3.61599927e-03,  1.09799441e+00,  1.06492704e+00,
         7.98527097e+00],
       [ 3.35636809e+01, -4.71032319e-01, -3.03749530e+01,
         9.88131797e-01,  1.52786728e+00, -1.48666720e+00,
         4.40321291e-03,  1.28924028e+00, -1.95346535e-01,
         5.61219542e+00],
       [-3.29591882e+01,  4.67163657e-01,  2.85879147e+01,
        -1.41462487e+00, -1.48666720e+00,  2.47876078e+00,
        -3.89431793e-03, -1.33990482e+00, -1.31117864e+00,
        -9.80917803e+00],
       [ 1.30986658e-01, -2.46958736e-03, -1.37830486e-01,
         3.61599927e-03,  4.40321291e-03, -3.89431793e-03,
         1.42468613e-04,  9.55283075e-03,  2.26452952e-03,
         3.87314852e-02],
       [-9.81528614e+00, -5.81153538e-01, -6.03506680e+01,
         1.09799441e+00,  1.28924028e+00, -1.33990482e+00,
         9.55283075e-03,  8.82026244e+01, -5.94603629e+01,
        -1.49983615e+02],
       [ 5.60019785e+02, -6.93421009e+00,  1.22066240e+01,
         1.06492704e+00, -1.95346535e-01, -1.31117864e+00,
         2.26452952e-03, -5.94603629e+01,  5.64129948e+02,
         1.78546453e+03],
       [ 1.98739665e+03, -2.51078510e+01, -8.68610282e+01,
         7.98527097e+00,  5.61219542e+00, -9.80917803e+00,
         3.87314852e-02, -1.49983615e+02,  1.78546453e+03,
         8.79198438e+03]]), array([[ 5.99054400e-01, -2.11591693e-03,  1.93141545e+01,
        -7.17195568e-01, -7.67339587e-01,  1.04759652e+00,
        -1.19157711e-03, -2.27976855e-01,  1.83553402e+01,
         4.62032544e+01],
       [-2.11591693e-03,  7.94283686e-06, -7.73616671e-02,
         2.76210328e-03,  2.95761316e-03, -4.25287512e-03,
         4.40690748e-06,  6.73244727e-04, -7.33974880e-02,
        -1.79399800e-01],
       [ 1.93141545e+01, -7.73616671e-02,  2.14092263e+03,
        -3.92898330e+01, -4.55355632e+01,  4.40838755e+01,
        -7.16082582e-02, -4.12258385e+00,  1.67351636e+03,
         3.49142657e+03],
       [-7.17195568e-01,  2.76210328e-03, -3.92898330e+01,
         1.36924925e+00,  1.14569268e+00, -1.72133502e+00,
         1.78563208e-03,  9.05443443e-02, -3.51824120e+01,
        -7.95812066e+01],
       [-7.67339587e-01,  2.95761316e-03, -4.55355632e+01,
         1.14569268e+00,  1.77324438e+00, -1.84593459e+00,
         2.11905164e-03,  2.13832235e-02, -4.03251233e+01,
        -9.29907218e+01],
       [ 1.04759652e+00, -4.25287512e-03,  4.40838755e+01,
        -1.72133502e+00, -1.84593459e+00,  3.26954935e+00,
        -1.89767658e-03, -2.18375939e-01,  3.99337687e+01,
         8.89412480e+01],
       [-1.19157711e-03,  4.40690748e-06, -7.16082582e-02,
         1.78563208e-03,  2.11905164e-03, -1.89767658e-03,
         2.78438957e-05,  9.56095235e-04, -6.19423369e-02,
        -1.68585320e-01],
       [-2.27976855e-01,  6.73244727e-04, -4.12258385e+00,
         9.05443443e-02,  2.13832235e-02, -2.18375939e-01,
         9.56095235e-04,  1.00368336e+01, -4.35591867e+00,
        -1.43335808e+01],
       [ 1.83553402e+01, -7.33974880e-02,  1.67351636e+03,
        -3.51824120e+01, -4.03251233e+01,  3.99337687e+01,
        -6.19423369e-02, -4.35591867e+00,  1.48506283e+03,
         2.96375838e+03],
       [ 4.62032544e+01, -1.79399800e-01,  3.49142657e+03,
        -7.95812066e+01, -9.29907218e+01,  8.89412480e+01,
        -1.68585320e-01, -1.43335808e+01,  2.96375838e+03,
         7.82475423e+03]]), array([[ 7.37065224e+02, -5.06324896e+00, -8.26838425e-09,
        -1.01064555e-08, -8.91834296e-09,  1.75090583e-09,
         9.91747917e-03,  1.55433770e+01,  7.00606980e+02,
         2.99971409e+03],
       [-5.06324896e+00,  4.36271081e-02,  4.66888570e-11,
         4.54660841e-11,  6.58105667e-11, -1.42145978e-11,
        -1.37427726e-04, -2.39336704e-01, -5.04256188e+00,
        -2.11814876e+01],
       [-8.26838425e-09,  4.66888570e-11,  7.87946359e-18,
         4.69380688e-18,  9.12971005e-18, -6.11000582e-19,
         3.68014691e-18, -1.03609257e-12, -9.61041566e-09,
        -2.87324463e-08],
       [-1.01064555e-08,  4.54660841e-11,  4.69380688e-18,
         1.32595977e-17,  2.62306255e-18, -2.50378356e-18,
         7.01597835e-18, -4.63314232e-13, -8.14370837e-09,
        -2.64927917e-08],
       [-8.91834296e-09,  6.58105667e-11,  9.12971005e-18,
         2.62306255e-18,  1.49679706e-17, -3.01284244e-18,
         1.38248844e-17, -1.33654572e-12, -1.06789391e-08,
        -3.01344723e-08],
       [ 1.75090583e-09, -1.42145978e-11, -6.11000582e-19,
        -2.50378356e-18, -3.01284244e-18,  3.74773897e-18,
        -5.21089012e-18,  5.54768765e-13,  1.11358957e-09,
         1.91700036e-09],
       [ 9.91747917e-03, -1.37427726e-04,  3.68014691e-18,
         7.01597835e-18,  1.38248844e-17, -5.21089012e-18,
         5.60147386e-06,  1.80171398e-03,  8.98401539e-03,
         4.01878755e-02],
       [ 1.55433770e+01, -2.39336704e-01, -1.03609257e-12,
        -4.63314232e-13, -1.33654572e-12,  5.54768765e-13,
         1.80171398e-03,  1.27901918e+01,  1.46235214e+01,
         4.89027061e+01],
       [ 7.00606980e+02, -5.04256188e+00, -9.61041566e-09,
        -8.14370837e-09, -1.06789391e-08,  1.11358957e-09,
         8.98401539e-03,  1.46235214e+01,  7.36058447e+02,
         2.97273650e+03],
       [ 2.99971409e+03, -2.11814876e+01, -2.87324463e-08,
        -2.64927917e-08, -3.01344723e-08,  1.91700036e-09,
         4.01878755e-02,  4.89027061e+01,  2.97273650e+03,
         1.58045174e+04]])]
