solve time: 920.0308318138123

 number of functions evaluations
[10000.0, 10000.0, 10000.0]

 variance
[array([[2.71030008e+05, 7.98904068e+01, 1.75229313e+05, 1.15953866e+02,
        1.59833658e+02, 2.96401201e+02, 2.27896158e+05, 3.42840518e+04,
        1.16467445e+04, 7.55857722e+04],
       [7.98904068e+01, 5.76631602e-02, 7.54179924e+01, 3.63269775e-02,
        4.37727977e-02, 9.80296620e-02, 2.78193155e+02, 2.99583977e+02,
        1.33909938e+01, 3.01046497e+01],
       [1.75229313e+05, 7.54179924e+01, 4.99736015e+05, 1.85794955e+02,
        2.41051022e+02, 4.79099488e+02, 3.80500128e+06, 7.25894772e+06,
        1.82062476e+05, 2.28222463e+05],
       [1.15953866e+02, 3.63269775e-02, 1.85794955e+02, 1.38826213e+00,
        5.37995891e-01, 2.00639072e+00, 1.08062451e+03, 6.80023184e+03,
        9.26951711e+01, 2.07778071e+02],
       [1.59833658e+02, 4.37727977e-02, 2.41051022e+02, 5.37995891e-01,
        1.80478038e+00, 2.37503353e+00, 1.34977367e+03, 7.30387714e+03,
        1.04982174e+02, 1.99817996e+02],
       [2.96401201e+02, 9.80296620e-02, 4.79099488e+02, 2.00639072e+00,
        2.37503353e+00, 1.24021369e+01, 3.26431027e+03, 9.65204310e+03,
        1.89927994e+02, 2.87057818e+02],
       [2.27896158e+05, 2.78193155e+02, 3.80500128e+06, 1.08062451e+03,
        1.34977367e+03, 3.26431027e+03, 6.45432772e+07, 1.02190161e+07,
        2.06810470e+06, 4.60303475e+05],
       [3.42840518e+04, 2.99583977e+02, 7.25894772e+06, 6.80023184e+03,
        7.30387714e+03, 9.65204310e+03, 1.02190161e+07, 4.53587623e+08,
        4.44052078e+06, 9.20928090e+06],
       [1.16467445e+04, 1.33909938e+01, 1.82062476e+05, 9.26951711e+01,
        1.04982174e+02, 1.89927994e+02, 2.06810470e+06, 4.44052078e+06,
        1.25723544e+05, 9.89018405e+04],
       [7.55857722e+04, 3.01046497e+01, 2.28222463e+05, 2.07778071e+02,
        1.99817996e+02, 2.87057818e+02, 4.60303475e+05, 9.20928090e+06,
        9.89018405e+04, 4.88226253e+05]]), array([[5.22574695e-01, 3.49755956e-05, 9.96134025e+01, 2.37842545e-01,
        2.66160416e-01, 1.02071850e+00, 2.14729995e+01, 2.17555700e+01,
        1.49907094e+02, 7.23777849e+02],
       [3.49755956e-05, 9.20470186e-07, 3.93658412e-02, 2.24523753e-04,
        2.60784236e-04, 5.54701152e-04, 2.83544976e+00, 2.57261247e+00,
        4.52787978e-02, 6.32866896e-01],
       [9.96134025e+01, 3.93658412e-02, 2.39551438e+06, 6.15318304e+02,
        7.85213177e+02, 1.63943746e+03, 1.73476543e+05, 1.50004517e+05,
        1.10884013e+06, 3.38770375e+06],
       [2.37842545e-01, 2.24523753e-04, 6.15318304e+02, 1.59180741e+00,
        8.43622290e-01, 4.29390442e+00, 8.82651036e+02, 6.65831200e+02,
        4.99220431e+02, 1.86444923e+03],
       [2.66160416e-01, 2.60784236e-04, 7.85213177e+02, 8.43622290e-01,
        2.76908999e+00, 5.25029886e+00, 1.15971317e+03, 9.29811774e+02,
        6.41667168e+02, 2.36204061e+03],
       [1.02071850e+00, 5.54701152e-04, 1.63943746e+03, 4.29390442e+00,
        5.25029886e+00, 3.20688490e+01, 2.04971386e+03, 1.25326784e+03,
        1.43551225e+03, 5.19455517e+03],
       [2.14729995e+01, 2.83544976e+00, 1.73476543e+05, 8.82651036e+02,
        1.15971317e+03, 2.04971386e+03, 3.90275427e+07, 3.37587183e+06,
        1.20077016e+05, 4.23771022e+06],
       [2.17555700e+01, 2.57261247e+00, 1.50004517e+05, 6.65831200e+02,
        9.29811774e+02, 1.25326784e+03, 3.37587183e+06, 5.96414747e+07,
        1.07541226e+05, 7.50564608e+05],
       [1.49907094e+02, 4.52787978e-02, 1.10884013e+06, 4.99220431e+02,
        6.41667168e+02, 1.43551225e+03, 1.20077016e+05, 1.07541226e+05,
        1.01328465e+06, 2.43752278e+06],
       [7.23777849e+02, 6.32866896e-01, 3.38770375e+06, 1.86444923e+03,
        2.36204061e+03, 5.19455517e+03, 4.23771022e+06, 7.50564608e+05,
        2.43752278e+06, 2.11287332e+07]]), array([[3.77712982e+05, 3.86334634e+01, 1.41087621e-34, 4.51661866e-35,
        1.26290457e-34, 4.62166101e-35, 9.64519741e+04, 4.76062394e+04,
        3.11456795e+05, 5.49091234e+06],
       [3.86334634e+01, 1.05638553e-02, 5.97848397e-39, 2.63234256e-39,
        5.91653278e-39, 3.01365498e-39, 1.41334083e+02, 9.33852829e+01,
        3.69667537e+01, 9.14895641e+02],
       [1.41087621e-34, 5.97848397e-39, 1.08573533e-72, 1.05452802e-73,
        3.87566738e-73, 1.16970582e-73, 2.80886485e-35, 3.00259890e-36,
        1.15146827e-34, 1.37663648e-33],
       [4.51661866e-35, 2.63234256e-39, 1.05452802e-73, 1.36426965e-73,
        2.24596500e-73, 5.94891275e-74, 2.81788405e-35, 1.66484221e-36,
        3.86526185e-35, 7.17144877e-34],
       [1.26290457e-34, 5.91653278e-39, 3.87566738e-73, 2.24596500e-73,
        4.04370102e-72, 3.46701084e-73, 3.03252066e-34, 2.40986006e-35,
        1.10765263e-34, 1.56196885e-33],
       [4.62166101e-35, 3.01365498e-39, 1.16970582e-73, 5.94891275e-74,
        3.46701084e-73, 1.29221108e-73, 5.06969676e-36, 4.65178097e-37,
        4.47301145e-35, 6.94492223e-34],
       [9.64519741e+04, 1.41334083e+02, 2.80886485e-35, 2.81788405e-35,
        3.03252066e-34, 5.06969676e-36, 7.34566785e+07, 8.77113831e+06,
        9.33557581e+04, 1.88566313e+07],
       [4.76062394e+04, 9.33852829e+01, 3.00259890e-36, 1.66484221e-36,
        2.40986006e-35, 4.65178097e-37, 8.77113831e+06, 1.91944484e+08,
        4.38842130e+04, 2.73192629e+06],
       [3.11456795e+05, 3.69667537e+01, 1.15146827e-34, 3.86526185e-35,
        1.10765263e-34, 4.47301145e-35, 9.33557581e+04, 4.38842130e+04,
        3.58345471e+05, 5.39338884e+06],
       [5.49091234e+06, 9.14895641e+02, 1.37663648e-33, 7.17144877e-34,
        1.56196885e-33, 6.94492223e-34, 1.88566313e+07, 2.73192629e+06,
        5.39338884e+06, 2.46427852e+08]])]

 max variance
[453587622.5631031, 59641474.65876462, 246427852.1513133]

 cost matrix
[array([[ 1.91232298e+02, -4.28724511e+00, -2.34704505e+02,
         3.28368445e+00,  3.83988725e+00, -3.79965125e+00,
         3.38419411e+02,  6.12903109e+01, -5.74683684e+01,
        -2.49431998e+00],
       [-4.28724511e+00,  1.28624385e-01,  7.48089607e+00,
        -9.07522347e-02, -1.04486322e-01,  1.05116954e-01,
        -1.55545946e+01, -4.61966415e+00,  2.89696157e+00,
         7.46375628e-01],
       [-2.34704505e+02,  7.48089607e+00,  6.91470394e+02,
        -8.12262023e+00, -9.44891593e+00,  9.46108351e+00,
        -1.75788544e+03, -5.90388892e+02,  3.37920359e+02,
         1.06975324e+02],
       [ 3.28368445e+00, -9.07522347e-02, -8.12262023e+00,
         2.74292520e-01,  2.34372528e-01, -3.43844799e-01,
         2.14676906e+01,  1.03468313e+01, -4.36093324e+00,
        -1.74637348e+00],
       [ 3.83988725e+00, -1.04486322e-01, -9.44891593e+00,
         2.34372528e-01,  3.50467838e-01, -3.75070716e-01,
         2.47009562e+01,  1.16814036e+01, -4.98435191e+00,
        -1.84565045e+00],
       [-3.79965125e+00,  1.05116954e-01,  9.46108351e+00,
        -3.43844799e-01, -3.75070716e-01,  6.38532561e-01,
        -2.52332037e+01, -1.12535620e+01,  5.05139714e+00,
         1.85325400e+00],
       [ 3.38419411e+02, -1.55545946e+01, -1.75788544e+03,
         2.14676906e+01,  2.47009562e+01, -2.52332037e+01,
         6.07186055e+03,  1.10569482e+03, -1.08956981e+03,
        -2.17243591e+02],
       [ 6.12903109e+01, -4.61966415e+00, -5.90388892e+02,
         1.03468313e+01,  1.16814036e+01, -1.12535620e+01,
         1.10569482e+03,  2.94442339e+03, -4.14674946e+02,
        -4.48327276e+02],
       [-5.74683684e+01,  2.89696157e+00,  3.37920359e+02,
        -4.36093324e+00, -4.98435191e+00,  5.05139714e+00,
        -1.08956981e+03, -4.14674946e+02,  2.26380779e+02,
         8.19683197e+01],
       [-2.49431998e+00,  7.46375628e-01,  1.06975324e+02,
        -1.74637348e+00, -1.84565045e+00,  1.85325400e+00,
        -2.17243591e+02, -4.48327276e+02,  8.19683197e+01,
         1.41394632e+02]]), array([[ 7.70411113e-02, -1.44823793e-03,  2.75144395e+00,
        -8.78342017e-02, -9.68529112e-02,  1.36572436e-01,
         1.85603211e+00,  8.51275600e-01,  2.85350683e+00,
         7.39414847e+00],
       [-1.44823793e-03,  3.51271314e-04, -1.11447768e-01,
         6.41114962e-03,  7.29174030e-03, -7.51109373e-03,
        -8.83074543e-01, -3.69022002e-01, -1.05396227e-01,
        -5.16424424e-01],
       [ 2.75144395e+00, -1.11447768e-01,  9.50214606e+02,
        -1.33167054e+01, -1.55930088e+01,  1.52316835e+01,
         1.96539832e+02,  9.99449748e+01,  7.24578900e+02,
         1.58641417e+03],
       [-8.78342017e-02,  6.41114962e-03, -1.33167054e+01,
         4.64631850e-01,  3.98112720e-01, -5.79773344e-01,
        -1.42681965e+01, -6.28238105e+00, -1.14376014e+01,
        -2.86420058e+01],
       [-9.68529112e-02,  7.29174030e-03, -1.55930088e+01,
         3.98112720e-01,  6.19358305e-01, -6.43891205e-01,
        -1.66325618e+01, -7.47506714e+00, -1.34158532e+01,
        -3.32815824e+01],
       [ 1.36572436e-01, -7.51109373e-03,  1.52316835e+01,
        -5.79773344e-01, -6.43891205e-01,  1.08796663e+00,
         1.57860076e+01,  6.80213735e+00,  1.32700495e+01,
         3.26026182e+01],
       [ 1.85603211e+00, -8.83074543e-01,  1.96539832e+02,
        -1.42681965e+01, -1.66325618e+01,  1.57860076e+01,
         3.91344832e+03,  6.15800697e+02,  1.66774996e+02,
         1.59853112e+03],
       [ 8.51275600e-01, -3.69022002e-01,  9.99449748e+01,
        -6.28238105e+00, -7.47506714e+00,  6.80213735e+00,
         6.15800697e+02,  1.49965207e+03,  8.49498000e+01,
         3.30274361e+02],
       [ 2.85350683e+00, -1.05396227e-01,  7.24578900e+02,
        -1.14376014e+01, -1.34158532e+01,  1.32700495e+01,
         1.66774996e+02,  8.49498000e+01,  6.30750280e+02,
         1.32055225e+03],
       [ 7.39414847e+00, -5.16424424e-01,  1.58641417e+03,
        -2.86420058e+01, -3.32815824e+01,  3.26026182e+01,
         1.59853112e+03,  3.30274361e+02,  1.32055225e+03,
         4.37845537e+03]]), array([[ 1.63505422e+02, -2.06668409e+00, -6.14519927e-20,
        -1.68591286e-20,  7.18864009e-20, -8.17772752e-21,
         1.31367498e+02,  4.88114560e+01,  1.53514438e+02,
         7.62410783e+02],
       [-2.06668409e+00,  4.43398519e-02,  7.85596580e-23,
         4.44612770e-22, -2.37734432e-22, -1.12038709e-22,
        -7.88251267e+00, -3.23037100e+00, -2.03281421e+00,
        -1.31148477e+01],
       [-6.14519927e-20,  7.85596580e-23,  5.01238184e-38,
         1.34516220e-38,  2.48731325e-38, -1.18912725e-38,
         2.99167124e-20,  2.47372830e-20, -3.10128829e-20,
        -3.35685035e-19],
       [-1.68591286e-20,  4.44612770e-22,  1.34516220e-38,
         2.29211110e-38,  1.55972368e-38, -1.12210117e-38,
        -1.20293137e-19, -1.61683764e-21, -8.77929157e-21,
        -2.97839677e-19],
       [ 7.18864009e-20, -2.37734432e-22,  2.48731325e-38,
         1.55972368e-38,  8.49078635e-38, -1.50342134e-38,
        -1.17423925e-19, -7.48819764e-20,  4.79456535e-20,
         3.68353671e-19],
       [-8.17772752e-21, -1.12038709e-22, -1.18912725e-38,
        -1.12210117e-38, -1.50342134e-38,  1.99982155e-38,
        -1.52164117e-20, -6.12440237e-21, -6.34218653e-21,
         1.13126319e-19],
       [ 1.31367498e+02, -7.88251267e+00,  2.99167124e-20,
        -1.20293137e-19, -1.17423925e-19, -1.52164117e-20,
         8.11540701e+03,  1.46708995e+03,  1.29350371e+02,
         3.83071477e+03],
       [ 4.88114560e+01, -3.23037100e+00,  2.47372830e-20,
        -1.61683764e-21, -7.48819764e-20, -6.12440237e-21,
         1.46708995e+03,  4.01454309e+03,  4.73258864e+01,
         7.17944587e+02],
       [ 1.53514438e+02, -2.03281421e+00, -3.10128829e-20,
        -8.77929157e-21,  4.79456535e-20, -6.34218653e-21,
         1.29350371e+02,  4.73258864e+01,  1.58510128e+02,
         7.52864718e+02],
       [ 7.62410783e+02, -1.31148477e+01, -3.35685035e-19,
        -2.97839677e-19,  3.68353671e-19,  1.13126319e-19,
         3.83071477e+03,  7.17944587e+02,  7.52864718e+02,
         6.52727246e+03]])]
