solve time: 851.6003754138947

 number of functions evaluations
[10000.0, 10000.0, 10000.0]

 variance
[array([[2.24119738e+05, 6.90635569e+01, 1.60700887e+05, 1.10015785e+02,
        1.23660763e+02, 3.07481512e+02, 2.27886838e+05, 3.46266561e+04,
        1.15706082e+04, 5.27609148e+04],
       [6.90635569e+01, 5.95226527e-02, 7.38817222e+01, 3.51626504e-02,
        4.11466820e-02, 1.06953323e-01, 2.84528485e+02, 2.76681947e+02,
        1.40707026e+01, 2.53468450e+01],
       [1.60700887e+05, 7.38817222e+01, 4.84495373e+05, 1.84622600e+02,
        2.49289307e+02, 4.92743139e+02, 3.61954547e+06, 8.05099987e+06,
        1.84324905e+05, 2.21578876e+05],
       [1.10015785e+02, 3.51626504e-02, 1.84622600e+02, 1.38322675e+00,
        6.59456764e-01, 2.63550312e+00, 1.04365892e+03, 7.61083549e+03,
        1.06999490e+02, 1.80749524e+02],
       [1.23660763e+02, 4.11466820e-02, 2.49289307e+02, 6.59456764e-01,
        3.30369886e+00, 3.07438142e+00, 1.47999267e+03, 8.76010428e+03,
        1.36722852e+02, 1.87466123e+02],
       [3.07481512e+02, 1.06953323e-01, 4.92743139e+02, 2.63550312e+00,
        3.07438142e+00, 1.69996894e+01, 3.26894838e+03, 1.16391442e+04,
        2.31660154e+02, 3.02130649e+02],
       [2.27886838e+05, 2.84528485e+02, 3.61954547e+06, 1.04365892e+03,
        1.47999267e+03, 3.26894838e+03, 6.28094213e+07, 1.09458556e+07,
        2.02109043e+06, 4.86420720e+05],
       [3.46266561e+04, 2.76681947e+02, 8.05099987e+06, 7.61083549e+03,
        8.76010428e+03, 1.16391442e+04, 1.09458556e+07, 5.33811807e+08,
        5.60770448e+06, 1.03004036e+07],
       [1.15706082e+04, 1.40707026e+01, 1.84324905e+05, 1.06999490e+02,
        1.36722852e+02, 2.31660154e+02, 2.02109043e+06, 5.60770448e+06,
        1.40789034e+05, 1.15242405e+05],
       [5.27609148e+04, 2.53468450e+01, 2.21578876e+05, 1.80749524e+02,
        1.87466123e+02, 3.02130649e+02, 4.86420720e+05, 1.03004036e+07,
        1.15242405e+05, 4.00231912e+05]]), array([[6.58276814e-01, 3.71872926e-05, 9.33787802e+01, 2.64379986e-01,
        3.13719906e-01, 1.56704541e+00, 2.50099479e+01, 1.76837415e+01,
        1.21173384e+02, 7.91271413e+02],
       [3.71872926e-05, 1.05001625e-06, 3.80785167e-02, 2.27317480e-04,
        3.21506903e-04, 6.27042414e-04, 3.11836119e+00, 2.44640541e+00,
        4.46175286e-02, 6.69805840e-01],
       [9.33787802e+01, 3.80785167e-02, 2.09702361e+06, 5.95456207e+02,
        7.43128983e+02, 1.59821671e+03, 1.76577809e+05, 1.49544157e+05,
        1.04459335e+06, 3.23511294e+06],
       [2.64379986e-01, 2.27317480e-04, 5.95456207e+02, 1.75993015e+00,
        8.44237575e-01, 4.51707780e+00, 9.15545543e+02, 7.86284122e+02,
        4.84668354e+02, 1.84462599e+03],
       [3.13719906e-01, 3.21506903e-04, 7.43128983e+02, 8.44237575e-01,
        3.02908649e+00, 5.14492879e+00, 1.21550359e+03, 1.07898502e+03,
        5.70642537e+02, 2.30640136e+03],
       [1.56704541e+00, 6.27042414e-04, 1.59821671e+03, 4.51707780e+00,
        5.14492879e+00, 3.11400432e+01, 2.07622351e+03, 1.65514021e+03,
        1.24634986e+03, 5.21353800e+03],
       [2.50099479e+01, 3.11836119e+00, 1.76577809e+05, 9.15545543e+02,
        1.21550359e+03, 2.07622351e+03, 3.91078513e+07, 3.29226381e+06,
        1.26568920e+05, 4.36882111e+06],
       [1.76837415e+01, 2.44640541e+00, 1.49544157e+05, 7.86284122e+02,
        1.07898502e+03, 1.65514021e+03, 3.29226381e+06, 6.16520002e+07,
        1.15200820e+05, 7.50755570e+05],
       [1.21173384e+02, 4.46175286e-02, 1.04459335e+06, 4.84668354e+02,
        5.70642537e+02, 1.24634986e+03, 1.26568920e+05, 1.15200820e+05,
        9.51927210e+05, 2.38423113e+06],
       [7.91271413e+02, 6.69805840e-01, 3.23511294e+06, 1.84462599e+03,
        2.30640136e+03, 5.21353800e+03, 4.36882111e+06, 7.50755570e+05,
        2.38423113e+06, 2.10608421e+07]]), array([[3.77484092e+05, 3.80298069e+01, 1.10572878e-34, 8.63616171e-35,
        5.56356085e-35, 6.39840449e-35, 9.31671574e+04, 4.37373611e+04,
        3.08121354e+05, 5.35054616e+06],
       [3.80298069e+01, 1.06172187e-02, 4.88571927e-39, 3.68747922e-39,
        3.02462987e-39, 2.54054253e-39, 1.33655621e+02, 9.94312138e+01,
        3.71471947e+01, 8.80160563e+02],
       [1.10572878e-34, 4.88571927e-39, 2.59190245e-72, 4.49427603e-73,
        3.15025443e-73, 4.84983671e-73, 2.43212092e-35, 2.05481824e-36,
        7.93454829e-35, 1.37771011e-33],
       [8.63616171e-35, 3.68747922e-39, 4.49427603e-73, 6.37820838e-73,
        4.04751716e-74, 1.15527888e-73, 3.55926522e-35, 1.61098734e-36,
        7.57307384e-35, 7.64682044e-34],
       [5.56356085e-35, 3.02462987e-39, 3.15025443e-73, 4.04751716e-74,
        2.03527501e-72, 1.24162192e-73, 2.42558824e-34, 6.52479363e-36,
        4.82628961e-35, 8.45466128e-34],
       [6.39840449e-35, 2.54054253e-39, 4.84983671e-73, 1.15527888e-73,
        1.24162192e-73, 3.14743714e-73, 5.50105815e-36, 6.46710843e-37,
        4.78698788e-35, 8.19774728e-34],
       [9.31671574e+04, 1.33655621e+02, 2.43212092e-35, 3.55926522e-35,
        2.42558824e-34, 5.50105815e-36, 7.42422851e+07, 8.67043014e+06,
        9.21787640e+04, 1.77790994e+07],
       [4.37373611e+04, 9.94312138e+01, 2.05481824e-36, 1.61098734e-36,
        6.52479363e-36, 6.46710843e-37, 8.67043014e+06, 1.88313575e+08,
        4.44165721e+04, 2.79048498e+06],
       [3.08121354e+05, 3.71471947e+01, 7.93454829e-35, 7.57307384e-35,
        4.82628961e-35, 4.78698788e-35, 9.21787640e+04, 4.44165721e+04,
        3.43455351e+05, 5.20586169e+06],
       [5.35054616e+06, 8.80160563e+02, 1.37771011e-33, 7.64682044e-34,
        8.45466128e-34, 8.19774728e-34, 1.77790994e+07, 2.79048498e+06,
        5.20586169e+06, 2.38142270e+08]])]

 max variance
[533811806.54267573, 61652000.22601189, 238142270.2113205]

 cost matrix
[array([[ 1.79696863e+02, -4.17604887e+00, -2.28325633e+02,
         3.26986088e+00,  3.63680331e+00, -3.80204719e+00,
         3.38824747e+02,  6.41389324e+01, -5.92376050e+01,
        -7.28476488e+00],
       [-4.17604887e+00,  1.30890664e-01,  7.43025264e+00,
        -9.23084170e-02, -1.04217684e-01,  1.08939962e-01,
        -1.56263123e+01, -4.67719314e+00,  2.96272583e+00,
         8.34680368e-01],
       [-2.28325633e+02,  7.43025264e+00,  6.74416724e+02,
        -8.13737618e+00, -9.45148215e+00,  9.46493645e+00,
        -1.72035200e+03, -6.06158803e+02,  3.35289355e+02,
         1.10679554e+02],
       [ 3.26986088e+00, -9.23084170e-02, -8.13737618e+00,
         2.87392204e-01,  2.41655123e-01, -3.58476154e-01,
         2.14265545e+01,  1.09196316e+01, -4.45290944e+00,
        -1.81079195e+00],
       [ 3.63680331e+00, -1.04217684e-01, -9.45148215e+00,
         2.41655123e-01,  3.73569709e-01, -3.84103930e-01,
         2.51269297e+01,  1.32364494e+01, -5.25203828e+00,
        -2.15565874e+00],
       [-3.80204719e+00,  1.08939962e-01,  9.46493645e+00,
        -3.58476154e-01, -3.84103930e-01,  6.63602573e-01,
        -2.52447203e+01, -1.19671189e+01,  5.16870511e+00,
         1.98499792e+00],
       [ 3.38824747e+02, -1.56263123e+01, -1.72035200e+03,
         2.14265545e+01,  2.51269297e+01, -2.52447203e+01,
         5.97855402e+03,  1.12434748e+03, -1.07847406e+03,
        -2.23005076e+02],
       [ 6.41389324e+01, -4.67719314e+00, -6.06158803e+02,
         1.09196316e+01,  1.32364494e+01, -1.19671189e+01,
         1.12434748e+03,  3.14902599e+03, -4.43756631e+02,
        -4.70911007e+02],
       [-5.92376050e+01,  2.96272583e+00,  3.35289355e+02,
        -4.45290944e+00, -5.25203828e+00,  5.16870511e+00,
        -1.07847406e+03, -4.43756631e+02,  2.28952274e+02,
         8.53977715e+01],
       [-7.28476488e+00,  8.34680368e-01,  1.10679554e+02,
        -1.81079195e+00, -2.15565874e+00,  1.98499792e+00,
        -2.23005076e+02, -4.70911007e+02,  8.53977715e+01,
         1.34086325e+02]]), array([[ 7.49339053e-02, -1.46172215e-03,  2.69953317e+00,
        -8.77183087e-02, -9.46561135e-02,  1.39797014e-01,
         1.95218278e+00,  8.24953284e-01,  2.73970014e+00,
         7.46771175e+00],
       [-1.46172215e-03,  3.71716983e-04, -1.11872075e-01,
         6.52873420e-03,  7.76457353e-03, -7.77499593e-03,
        -9.19903162e-01, -3.73039548e-01, -1.06884235e-01,
        -5.31435566e-01],
       [ 2.69953317e+00, -1.11872075e-01,  8.98031942e+02,
        -1.29128195e+01, -1.50054840e+01,  1.49143229e+01,
         1.99853370e+02,  9.99832634e+01,  6.96778616e+02,
         1.53464096e+03],
       [-8.77183087e-02,  6.52873420e-03, -1.29128195e+01,
         4.66948330e-01,  3.95974780e-01, -5.85620509e-01,
        -1.45011123e+01, -6.63160562e+00, -1.11848635e+01,
        -2.83597940e+01],
       [-9.46561135e-02,  7.76457353e-03, -1.50054840e+01,
         3.95974780e-01,  6.16185856e-01, -6.34387870e-01,
        -1.73223938e+01, -7.84644747e+00, -1.29408509e+01,
        -3.28751674e+01],
       [ 1.39797014e-01, -7.77499593e-03,  1.49143229e+01,
        -5.85620509e-01, -6.34387870e-01,  1.07673564e+00,
         1.59417746e+01,  7.22876998e+00,  1.29142535e+01,
         3.24540452e+01],
       [ 1.95218278e+00, -9.19903162e-01,  1.99853370e+02,
        -1.45011123e+01, -1.73223938e+01,  1.59417746e+01,
         3.99100540e+03,  6.14524066e+02,  1.71280233e+02,
         1.63112939e+03],
       [ 8.24953284e-01, -3.73039548e-01,  9.99832634e+01,
        -6.63160562e+00, -7.84644747e+00,  7.22876998e+00,
         6.14524066e+02,  1.55022368e+03,  8.78190291e+01,
         3.32822128e+02],
       [ 2.73970014e+00, -1.06884235e-01,  6.96778616e+02,
        -1.11848635e+01, -1.29408509e+01,  1.29142535e+01,
         1.71280233e+02,  8.78190291e+01,  6.13292755e+02,
         1.29455081e+03],
       [ 7.46771175e+00, -5.31435566e-01,  1.53464096e+03,
        -2.83597940e+01, -3.28751674e+01,  3.24540452e+01,
         1.63112939e+03,  3.32822128e+02,  1.29455081e+03,
         4.34170096e+03]]), array([[ 1.63190907e+02, -2.07953533e+00, -3.28630595e-20,
        -2.35119780e-20, -7.31490841e-20, -2.41761734e-20,
         1.29272112e+02,  5.06080523e+01,  1.53827251e+02,
         7.56496637e+02],
       [-2.07953533e+00,  4.45397223e-02, -1.13533271e-23,
        -5.30657035e-23,  5.76586963e-22,  1.62766183e-22,
        -7.72861997e+00, -3.37939211e+00, -2.05842789e+00,
        -1.29843383e+01],
       [-3.28630595e-20, -1.13533271e-23,  4.93717708e-38,
         1.77350144e-38,  1.12822326e-38, -2.14530026e-38,
        -3.84412258e-20, -1.36501107e-20, -2.73339591e-20,
        -2.39453636e-19],
       [-2.35119780e-20, -5.30657035e-23,  1.77350144e-38,
         3.14634992e-38,  7.01932440e-39, -1.33797140e-38,
         4.81640324e-20,  6.76369547e-21, -3.59048221e-20,
        -1.22036211e-19],
       [-7.31490841e-20,  5.76586963e-22,  1.12822326e-38,
         7.01932440e-39,  4.78798966e-38, -7.48511816e-39,
        -8.98994307e-20,  3.37938052e-20, -7.79937864e-20,
        -4.24477484e-19],
       [-2.41761734e-20,  1.62766183e-22, -2.14530026e-38,
        -1.33797140e-38, -7.48511816e-39,  2.55419714e-38,
        -1.98811132e-20,  1.12325035e-21, -1.49230154e-20,
        -5.55073928e-21],
       [ 1.29272112e+02, -7.72861997e+00, -3.84412258e-20,
         4.81640324e-20, -8.98994307e-20, -1.98811132e-20,
         8.11954541e+03,  1.47687295e+03,  1.28359956e+02,
         3.79454053e+03],
       [ 5.06080523e+01, -3.37939211e+00, -1.36501107e-20,
         6.76369547e-21,  3.37938052e-20,  1.12325035e-21,
         1.47687295e+03,  4.03964976e+03,  5.09340761e+01,
         7.39507943e+02],
       [ 1.53827251e+02, -2.05842789e+00, -2.73339591e-20,
        -3.59048221e-20, -7.79937864e-20, -1.49230154e-20,
         1.28359956e+02,  5.09340761e+01,  1.58543486e+02,
         7.47346417e+02],
       [ 7.56496637e+02, -1.29843383e+01, -2.39453636e-19,
        -1.22036211e-19, -4.24477484e-19, -5.55073928e-21,
         3.79454053e+03,  7.39507943e+02,  7.47346417e+02,
         6.43215440e+03]])]
