solve time: 857.7239122390747

 number of functions evaluations
[10000.0, 10000.0, 10000.0]

 variance
[array([[2.53733373e+05, 7.62403083e+01, 1.70947395e+05, 9.71427794e+01,
        1.44477169e+02, 2.66831686e+02, 2.22618101e+05, 3.03996922e+04,
        1.14051030e+04, 5.99020026e+04],
       [7.62403083e+01, 5.79723196e-02, 7.54792335e+01, 3.16529985e-02,
        4.22760453e-02, 8.81888165e-02, 2.76395479e+02, 2.54483919e+02,
        1.33841837e+01, 2.60321032e+01],
       [1.70947395e+05, 7.54792335e+01, 4.90657956e+05, 2.15714458e+02,
        2.33761644e+02, 4.58799604e+02, 3.75424592e+06, 7.84288752e+06,
        1.87968927e+05, 2.19844439e+05],
       [9.71427794e+01, 3.16529985e-02, 2.15714458e+02, 1.19626834e+00,
        5.91836418e-01, 1.86745293e+00, 1.02412603e+03, 8.35004768e+03,
        1.09772758e+02, 1.77790819e+02],
       [1.44477169e+02, 4.22760453e-02, 2.33761644e+02, 5.91836418e-01,
        4.82325979e+00, 2.34942384e+00, 1.25611103e+03, 8.39670613e+03,
        1.22254613e+02, 2.09028121e+02],
       [2.66831686e+02, 8.81888165e-02, 4.58799604e+02, 1.86745293e+00,
        2.34942384e+00, 9.82188870e+00, 2.85796819e+03, 9.59721934e+03,
        1.85845132e+02, 2.79123634e+02],
       [2.22618101e+05, 2.76395479e+02, 3.75424592e+06, 1.02412603e+03,
        1.25611103e+03, 2.85796819e+03, 6.39972121e+07, 1.08025041e+07,
        2.06022471e+06, 4.43055776e+05],
       [3.03996922e+04, 2.54483919e+02, 7.84288752e+06, 8.35004768e+03,
        8.39670613e+03, 9.59721934e+03, 1.08025041e+07, 5.34896124e+08,
        5.52879844e+06, 1.02729497e+07],
       [1.14051030e+04, 1.33841837e+01, 1.87968927e+05, 1.09772758e+02,
        1.22254613e+02, 1.85845132e+02, 2.06022471e+06, 5.52879844e+06,
        1.40313917e+05, 1.12647290e+05],
       [5.99020026e+04, 2.60321032e+01, 2.19844439e+05, 1.77790819e+02,
        2.09028121e+02, 2.79123634e+02, 4.43055776e+05, 1.02729497e+07,
        1.12647290e+05, 4.77596157e+05]]), array([[5.05856541e-01, 3.28188393e-05, 8.90581747e+01, 2.73442464e-01,
        3.41977580e-01, 1.71810406e+00, 2.18680655e+01, 1.68727579e+01,
        1.37087866e+02, 5.40372399e+02],
       [3.28188393e-05, 8.76797676e-07, 3.48676191e-02, 2.02854979e-04,
        3.13144344e-04, 5.19799312e-04, 2.85763579e+00, 2.53456745e+00,
        4.03093436e-02, 6.20801891e-01],
       [8.90581747e+01, 3.48676191e-02, 2.21339185e+06, 5.62818526e+02,
        7.24591147e+02, 1.41770626e+03, 1.71012317e+05, 1.43129568e+05,
        1.04124692e+06, 3.27010538e+06],
       [2.73442464e-01, 2.02854979e-04, 5.62818526e+02, 1.48593497e+00,
        8.61248950e-01, 4.77211197e+00, 8.63122670e+02, 7.71423240e+02,
        4.52938431e+02, 1.59856032e+03],
       [3.41977580e-01, 3.13144344e-04, 7.24591147e+02, 8.61248950e-01,
        3.09409635e+00, 5.86938342e+00, 1.25351623e+03, 9.42279539e+02,
        5.88480838e+02, 2.22419605e+03],
       [1.71810406e+00, 5.19799312e-04, 1.41770626e+03, 4.77211197e+00,
        5.86938342e+00, 3.83321239e+01, 1.99417228e+03, 1.48889642e+03,
        1.25832411e+03, 4.33905726e+03],
       [2.18680655e+01, 2.85763579e+00, 1.71012317e+05, 8.63122670e+02,
        1.25351623e+03, 1.99417228e+03, 3.91771187e+07, 3.35529178e+06,
        1.19242642e+05, 4.35699466e+06],
       [1.68727579e+01, 2.53456745e+00, 1.43129568e+05, 7.71423240e+02,
        9.42279539e+02, 1.48889642e+03, 3.35529178e+06, 6.86302324e+07,
        1.00750891e+05, 7.39617614e+05],
       [1.37087866e+02, 4.03093436e-02, 1.04124692e+06, 4.52938431e+02,
        5.88480838e+02, 1.25832411e+03, 1.19242642e+05, 1.00750891e+05,
        9.60050810e+05, 2.34949345e+06],
       [5.40372399e+02, 6.20801891e-01, 3.27010538e+06, 1.59856032e+03,
        2.22419605e+03, 4.33905726e+03, 4.35699466e+06, 7.39617614e+05,
        2.34949345e+06, 2.07590619e+07]]), array([[3.79475376e+05, 4.01431316e+01, 2.87731565e-34, 1.07479175e-34,
        1.19366702e-34, 1.79763270e-34, 9.62213552e+04, 5.39485650e+04,
        3.23714003e+05, 5.69803251e+06],
       [4.01431316e+01, 1.13055477e-02, 1.08536753e-38, 7.03689418e-39,
        5.68837005e-39, 7.89403369e-39, 1.38216682e+02, 1.02055853e+02,
        3.93631970e+01, 9.72277461e+02],
       [2.87731565e-34, 1.08536753e-38, 5.40820750e-72, 5.17138317e-73,
        3.34319227e-73, 8.39189153e-73, 3.84476505e-35, 2.41876154e-36,
        2.31729738e-34, 1.45218197e-33],
       [1.07479175e-34, 7.03689418e-39, 5.17138317e-73, 4.44876494e-73,
        2.25022843e-73, 4.78265616e-73, 4.73306037e-35, 1.12128433e-35,
        8.96803109e-35, 9.43915895e-34],
       [1.19366702e-34, 5.68837005e-39, 3.34319227e-73, 2.25022843e-73,
        2.01388169e-72, 5.95923781e-73, 3.65329351e-34, 1.17556214e-35,
        7.93851714e-35, 9.13997667e-34],
       [1.79763270e-34, 7.89403369e-39, 8.39189153e-73, 4.78265616e-73,
        5.95923781e-73, 2.61513315e-72, 4.34642705e-36, 1.58287300e-36,
        1.36390068e-34, 1.75401432e-33],
       [9.62213552e+04, 1.38216682e+02, 3.84476505e-35, 4.73306037e-35,
        3.65329351e-34, 4.34642705e-36, 7.35535085e+07, 8.81205411e+06,
        9.37948579e+04, 1.84526927e+07],
       [5.39485650e+04, 1.02055853e+02, 2.41876154e-36, 1.12128433e-35,
        1.17556214e-35, 1.58287300e-36, 8.81205411e+06, 1.94870324e+08,
        5.27523073e+04, 2.60866835e+06],
       [3.23714003e+05, 3.93631970e+01, 2.31729738e-34, 8.96803109e-35,
        7.93851714e-35, 1.36390068e-34, 9.37948579e+04, 5.27523073e+04,
        3.75384820e+05, 5.64545277e+06],
       [5.69803251e+06, 9.72277461e+02, 1.45218197e-33, 9.43915895e-34,
        9.13997667e-34, 1.75401432e-33, 1.84526927e+07, 2.60866835e+06,
        5.64545277e+06, 2.79893361e+08]])]

 max variance
[534896123.9984097, 68630232.40334141, 279893361.12571585]

 cost matrix
[array([[ 1.85906111e+02, -4.20852683e+00, -2.30662710e+02,
         3.13082380e+00,  3.69781066e+00, -3.58661468e+00,
         3.32359630e+02,  6.03637711e+01, -5.74854778e+01,
        -3.93774490e+00],
       [-4.20852683e+00,  1.27927112e-01,  7.38294182e+00,
        -8.76947397e-02, -1.02103823e-01,  1.00578290e-01,
        -1.52912969e+01, -4.44073059e+00,  2.87220722e+00,
         7.12293212e-01],
       [-2.30662710e+02,  7.38294182e+00,  6.78208278e+02,
        -8.08853515e+00, -9.27869899e+00,  9.18093025e+00,
        -1.71912139e+03, -5.95915593e+02,  3.34220965e+02,
         1.04237950e+02],
       [ 3.13082380e+00, -8.76947397e-02, -8.08853515e+00,
         2.71333333e-01,  2.33497217e-01, -3.32195481e-01,
         2.09254194e+01,  1.14084587e+01, -4.38969334e+00,
        -1.78265935e+00],
       [ 3.69781066e+00, -1.02103823e-01, -9.27869899e+00,
         2.33497217e-01,  3.67817668e-01, -3.67271164e-01,
         2.42195971e+01,  1.24396346e+01, -5.02902988e+00,
        -1.99418604e+00],
       [-3.58661468e+00,  1.00578290e-01,  9.18093025e+00,
        -3.32195481e-01, -3.67271164e-01,  6.01579881e-01,
        -2.40952879e+01, -1.17155764e+01,  4.93747087e+00,
         1.88038960e+00],
       [ 3.32359630e+02, -1.52912969e+01, -1.71912139e+03,
         2.09254194e+01,  2.42195971e+01, -2.40952879e+01,
         5.94215949e+03,  1.09635229e+03, -1.07124714e+03,
        -2.07734912e+02],
       [ 6.03637711e+01, -4.44073059e+00, -5.95915593e+02,
         1.14084587e+01,  1.24396346e+01, -1.17155764e+01,
         1.09635229e+03,  3.12924649e+03, -4.38029319e+02,
        -4.57030285e+02],
       [-5.74854778e+01,  2.87220722e+00,  3.34220965e+02,
        -4.38969334e+00, -5.02902988e+00,  4.93747087e+00,
        -1.07124714e+03, -4.38029319e+02,  2.27131049e+02,
         8.29866481e+01],
       [-3.93774490e+00,  7.12293212e-01,  1.04237950e+02,
        -1.78265935e+00, -1.99418604e+00,  1.88038960e+00,
        -2.07734912e+02, -4.57030285e+02,  8.29866481e+01,
         1.33044418e+02]]), array([[ 6.44535638e-02, -1.30870915e-03,  2.50089305e+00,
        -7.87490057e-02, -8.93841130e-02,  1.25984917e-01,
         1.87446063e+00,  8.19756559e-01,  2.57342928e+00,
         6.70891367e+00],
       [-1.30870915e-03,  3.48162540e-04, -1.05380787e-01,
         6.11496023e-03,  7.34384020e-03, -7.13069393e-03,
        -8.94584867e-01, -3.76720250e-01, -9.95617460e-02,
        -5.10393561e-01],
       [ 2.50089305e+00, -1.05380787e-01,  8.91923997e+02,
        -1.23416617e+01, -1.44321503e+01,  1.36737418e+01,
         1.93529267e+02,  9.66529782e+01,  6.82145110e+02,
         1.51787864e+03],
       [-7.87490057e-02,  6.11496023e-03, -1.23416617e+01,
         4.29763321e-01,  3.71661798e-01, -5.32016925e-01,
        -1.41032268e+01, -6.52634528e+00, -1.05855430e+01,
        -2.68115628e+01],
       [-8.93841130e-02,  7.34384020e-03, -1.44321503e+01,
         3.71661798e-01,  5.90812061e-01, -5.94871408e-01,
        -1.70307485e+01, -7.45008439e+00, -1.24048592e+01,
        -3.17545766e+01],
       [ 1.25984917e-01, -7.13069393e-03,  1.36737418e+01,
        -5.32016925e-01, -5.94871408e-01,  1.00013398e+00,
         1.56965338e+01,  7.02821431e+00,  1.18764533e+01,
         2.96594011e+01],
       [ 1.87446063e+00, -8.94584867e-01,  1.93529267e+02,
        -1.41032268e+01, -1.70307485e+01,  1.56965338e+01,
         3.98329931e+03,  6.24476400e+02,  1.64525883e+02,
         1.62364326e+03],
       [ 8.19756559e-01, -3.76720250e-01,  9.66529782e+01,
        -6.52634528e+00, -7.45008439e+00,  7.02821431e+00,
         6.24476400e+02,  1.62388361e+03,  8.27111576e+01,
         3.30661067e+02],
       [ 2.57342928e+00, -9.95617460e-02,  6.82145110e+02,
        -1.05855430e+01, -1.24048592e+01,  1.18764533e+01,
         1.64525883e+02,  8.27111576e+01,  5.95920378e+02,
         1.26566661e+03],
       [ 6.70891367e+00, -5.10393561e-01,  1.51787864e+03,
        -2.68115628e+01, -3.17545766e+01,  2.96594011e+01,
         1.62364326e+03,  3.30661067e+02,  1.26566661e+03,
         4.29104982e+03]]), array([[ 1.69092138e+02, -2.15660570e+00,  1.13602463e-19,
        -5.83257852e-20,  7.23134901e-21,  1.36383412e-19,
         1.31764706e+02,  5.24162266e+01,  1.61186343e+02,
         7.96131064e+02],
       [-2.15660570e+00,  4.58715389e-02, -6.09432790e-22,
         3.77108928e-23, -4.79186881e-23, -5.78806300e-22,
        -7.77092279e+00, -3.33752592e+00, -2.13537101e+00,
        -1.35585970e+01],
       [ 1.13602463e-19, -6.09432790e-22,  6.05498767e-38,
         1.97998944e-38,  1.85425981e-38, -2.28182003e-38,
        -2.92332610e-20, -1.54387369e-20,  1.01775595e-19,
        -5.01449302e-20],
       [-5.83257852e-20,  3.77108928e-23,  1.97998944e-38,
         3.51060931e-38,  1.66659765e-38, -2.09319086e-38,
         6.71920692e-20,  3.20261556e-20, -2.78649504e-20,
        -4.61896685e-19],
       [ 7.23134901e-21, -4.79186881e-23,  1.85425981e-38,
         1.66659765e-38,  6.65484701e-38, -1.67359473e-38,
         1.12636714e-19,  3.34995179e-20,  5.02062089e-21,
        -3.34476978e-20],
       [ 1.36383412e-19, -5.78806300e-22, -2.28182003e-38,
        -2.09319086e-38, -1.67359473e-38,  4.71957522e-38,
        -3.04217742e-21,  6.60145565e-23,  8.03051033e-20,
         4.63706568e-19],
       [ 1.31764706e+02, -7.77092279e+00, -2.92332610e-20,
         6.71920692e-20,  1.12636714e-19, -3.04217742e-21,
         8.08206513e+03,  1.47063577e+03,  1.30214526e+02,
         3.82522540e+03],
       [ 5.24162266e+01, -3.33752592e+00, -1.54387369e-20,
         3.20261556e-20,  3.34995179e-20,  6.60145565e-23,
         1.47063577e+03,  4.10765247e+03,  5.17145230e+01,
         7.21102196e+02],
       [ 1.61186343e+02, -2.13537101e+00,  1.01775595e-19,
        -2.78649504e-20,  5.02062089e-21,  8.03051033e-20,
         1.30214526e+02,  5.17145230e+01,  1.67194545e+02,
         7.89513649e+02],
       [ 7.96131064e+02, -1.35585970e+01, -5.01449302e-20,
        -4.61896685e-19, -3.34476978e-20,  4.63706568e-19,
         3.82522540e+03,  7.21102196e+02,  7.89513649e+02,
         6.79315389e+03]])]
