solve time: 3.3092522621154785

 number of functions evaluations
[5.0, 5.0, 5.0]

 variance
[array([[2.53885988e+03, 4.30618295e+00, 1.35258070e+04, 3.01720543e+00,
        1.54663407e+00, 1.77811974e+00, 1.21524331e+05, 3.31921966e+02,
        2.24097769e+03, 1.62377764e+04],
       [4.30618295e+00, 8.93456489e-03, 2.45274743e+01, 6.84799108e-03,
        2.44830984e-03, 4.56821163e-03, 3.74092855e+02, 1.42044895e+00,
        6.13891669e+00, 2.39957844e+01],
       [1.35258070e+04, 2.45274743e+01, 6.65391657e+04, 1.21436849e+02,
        4.43474686e+01, 2.85697599e+02, 1.36814891e+06, 6.29897530e+04,
        2.39771018e+04, 7.53895531e+04],
       [3.01720543e+00, 6.84799108e-03, 1.21436849e+02, 4.56175300e-01,
        1.37519234e-01, 7.46910401e-01, 2.79955763e+03, 1.52756790e+02,
        5.23057049e+01, 1.40477494e+01],
       [1.54663407e+00, 2.44830984e-03, 4.43474686e+01, 1.37519234e-01,
        4.70447249e-02, 2.85735212e-01, 1.04005514e+03, 5.96106155e+01,
        1.96872033e+01, 9.38626471e+00],
       [1.77811974e+00, 4.56821163e-03, 2.85697599e+02, 7.46910401e-01,
        2.85735212e-01, 1.66876264e+00, 6.43657836e+03, 3.38661204e+02,
        1.23036227e+02, 1.52585368e+01],
       [1.21524331e+05, 3.74092855e+02, 1.36814891e+06, 2.79955763e+03,
        1.04005514e+03, 6.43657836e+03, 3.69168194e+07, 1.35450613e+06,
        6.37397828e+05, 2.66330062e+05],
       [3.31921966e+02, 1.42044895e+00, 6.29897530e+04, 1.52756790e+02,
        5.96106155e+01, 3.38661204e+02, 1.35450613e+06, 6.72906458e+04,
        2.59368860e+04, 2.22958927e+03],
       [2.24097769e+03, 6.13891669e+00, 2.39771018e+04, 5.23057049e+01,
        1.96872033e+01, 1.23036227e+02, 6.37397828e+05, 2.59368860e+04,
        1.11227399e+04, 7.06547267e+03],
       [1.62377764e+04, 2.39957844e+01, 7.53895531e+04, 1.40477494e+01,
        9.38626471e+00, 1.52585368e+01, 2.66330062e+05, 2.22958927e+03,
        7.06547267e+03, 9.66167499e+04]]), array([[8.31910944e-05, 3.15048429e-07, 8.57912701e-01, 2.06562505e-03,
        8.11375877e-04, 4.70004937e-03, 2.35985559e+00, 2.38540096e-01,
        4.88366469e-01, 8.16916246e+01],
       [3.15048429e-07, 1.30278840e-07, 8.63075286e-02, 8.77185213e-04,
        3.30896760e-04, 1.89668033e-03, 1.16682844e+00, 1.55305722e-01,
        3.56329806e-02, 7.21247126e-01],
       [8.57912701e-01, 8.63075286e-02, 5.19860210e+04, 5.40070454e+02,
        2.07134046e+02, 1.19541662e+03, 5.27162047e+05, 4.35797219e+04,
        2.22732853e+04, 1.00856608e+06],
       [2.06562505e-03, 8.77185213e-04, 5.40070454e+02, 5.53602656e+00,
        2.13391988e+00, 1.20999194e+01, 6.30431084e+03, 4.23519506e+02,
        2.23011257e+02, 4.75047617e+03],
       [8.11375877e-04, 3.30896760e-04, 2.07134046e+02, 2.13391988e+00,
        8.21029115e-01, 4.64978337e+00, 1.68428650e+03, 1.53505653e+02,
        8.55201230e+01, 1.79783689e+03],
       [4.70004937e-03, 1.89668033e-03, 1.19541662e+03, 1.20999194e+01,
        4.64978337e+00, 2.59825445e+01, 8.55370272e+03, 9.18786944e+02,
        4.93667853e+02, 1.07878550e+04],
       [2.35985559e+00, 1.16682844e+00, 5.27162047e+05, 6.30431084e+03,
        1.68428650e+03, 8.55370272e+03, 5.59964158e+07, 8.85909749e+06,
        1.83744144e+05, 5.89090655e+06],
       [2.38540096e-01, 1.55305722e-01, 4.35797219e+04, 4.23519506e+02,
        1.53505653e+02, 9.18786944e+02, 8.85909749e+06, 8.30423025e+06,
        1.80693428e+04, 7.74937251e+05],
       [4.88366469e-01, 3.56329806e-02, 2.22732853e+04, 2.23011257e+02,
        8.55201230e+01, 4.93667853e+02, 1.83744144e+05, 1.80693428e+04,
        9.67365214e+03, 5.44441846e+05],
       [8.16916246e+01, 7.21247126e-01, 1.00856608e+06, 4.75047617e+03,
        1.79783689e+03, 1.07878550e+04, 5.89090655e+06, 7.74937251e+05,
        5.44441846e+05, 7.95366713e+07]]), array([[3.15666088e+05, 8.24355631e+01, 2.23346223e-35, 3.89014098e-36,
        3.60068861e-38, 5.16480599e-37, 7.35277970e+03, 8.35840134e+00,
        3.13051361e+05, 5.56906690e+07],
       [8.24355631e+01, 2.13154665e-02, 5.83642542e-39, 1.01635348e-39,
        9.39501075e-42, 1.34768114e-40, 2.10224005e+01, 2.55118904e+00,
        8.17592102e+01, 1.44026975e+04],
       [2.23346223e-35, 5.83642542e-39, 1.57997376e-75, 2.75224391e-76,
        2.54701957e-78, 3.65463213e-77, 8.45462114e-37, 7.91040943e-40,
        2.21495743e-35, 3.94418736e-33],
       [3.89014098e-36, 1.01635348e-39, 2.75224391e-76, 4.79390564e-77,
        4.43714947e-79, 6.36517702e-78, 1.06291878e-37, 1.72046389e-41,
        3.85790855e-36, 6.86663343e-34],
       [3.60068861e-38, 9.39501075e-42, 2.54701957e-78, 4.43714947e-79,
        4.10421094e-81, 5.89135064e-80, 2.21123231e-39, 5.98243391e-41,
        3.57090740e-38, 6.35081205e-36],
       [5.16480599e-37, 1.34768114e-40, 3.65463213e-77, 6.36517702e-78,
        5.89135064e-80, 8.44976598e-79, 1.04936601e-38, 1.50165170e-40,
        5.12205566e-37, 9.10355972e-35],
       [7.35277970e+03, 2.10224005e+01, 8.45462114e-37, 1.06291878e-37,
        2.21123231e-39, 1.04936601e-38, 1.49006261e+08, 1.27831922e+07,
        7.36709109e+03, 1.10831019e+07],
       [8.35840134e+00, 2.55118904e+00, 7.91040943e-40, 1.72046389e-41,
        5.98243391e-41, 1.50165170e-40, 1.27831922e+07, 8.07475206e+06,
        4.03733608e+00, 1.48939678e+06],
       [3.13051361e+05, 8.17592102e+01, 2.21495743e-35, 3.85790855e-36,
        3.57090740e-38, 5.12205566e-37, 7.36709109e+03, 4.03733608e+00,
        3.10458063e+05, 5.52331810e+07],
       [5.56906690e+07, 1.44026975e+04, 3.94418736e-33, 6.86663343e-34,
        6.35081205e-36, 9.10355972e-35, 1.10831019e+07, 1.48939678e+06,
        5.52331810e+07, 9.71708479e+09]])]

 max variance
[36916819.39951381, 79536671.27558637, 9717084787.636389]

 cost matrix
[array([[ 3.24686650e+01, -1.46813850e+00, -8.20986154e+01,
         1.33019997e+00,  8.83794485e-01, -1.05425333e+00,
         2.47907670e+02,  9.79225316e+00, -3.49758752e+01,
        -5.54576901e+01],
       [-1.46813850e+00,  7.06608052e-02,  4.19407192e+00,
        -8.29881308e-02, -5.11149364e-02,  7.44340960e-02,
        -1.45472787e+01, -8.88955736e-01,  1.99502709e+00,
         2.16277187e+00],
       [-8.20986154e+01,  4.19407192e+00,  3.73727226e+02,
        -1.25960439e+01, -7.13886589e+00,  1.27736049e+01,
        -1.40536879e+03, -1.58195915e+02,  1.92260561e+02,
         1.43647297e+02],
       [ 1.33019997e+00, -8.29881308e-02, -1.25960439e+01,
         5.90800275e-01,  3.12427734e-01, -5.81366720e-01,
         5.18321017e+01,  7.18900074e+00, -6.98348155e+00,
        -2.63719458e+00],
       [ 8.83794485e-01, -5.11149364e-02, -7.13886589e+00,
         3.12427734e-01,  1.76424630e-01, -3.34042981e-01,
         2.85892080e+01,  4.19141645e+00, -3.90296832e+00,
        -2.01608962e+00],
       [-1.05425333e+00,  7.44340960e-02,  1.27736049e+01,
        -5.81366720e-01, -3.34042981e-01,  6.95184095e-01,
        -5.46358634e+01, -9.23829536e+00,  7.45510241e+00,
         2.80692388e+00],
       [ 2.47907670e+02, -1.45472787e+01, -1.40536879e+03,
         5.18321017e+01,  2.85892080e+01, -5.46358634e+01,
         5.94682539e+03,  7.25766172e+02, -7.96159694e+02,
        -3.08358848e+02],
       [ 9.79225316e+00, -8.88955736e-01, -1.58195915e+02,
         7.18900074e+00,  4.19141645e+00, -9.23829536e+00,
         7.25766172e+02,  1.28335497e+02, -9.82820217e+01,
        -2.18043506e+01],
       [-3.49758752e+01,  1.99502709e+00,  1.92260561e+02,
        -6.98348155e+00, -3.90296832e+00,  7.45510241e+00,
        -7.96159694e+02, -9.82820217e+01,  1.07191972e+02,
         4.91736058e+01],
       [-5.54576901e+01,  2.16277187e+00,  1.43647297e+02,
        -2.63719458e+00, -2.01608962e+00,  2.80692388e+00,
        -3.08358848e+02, -2.18043506e+01,  4.91736058e+01,
         1.43976897e+02]]), array([[ 4.80476922e-03, -4.33873190e-04,  6.93109104e-01,
        -3.42942498e-02, -2.18383801e-02,  4.06034372e-02,
         1.43506184e+00,  4.23217142e-01,  4.90469190e-01,
         5.15489453e+00],
       [-4.33873190e-04,  2.63514204e-04, -1.74318402e-01,
         1.80018595e-02,  1.04685517e-02, -2.21836895e-02,
        -1.06068076e+00, -3.30741693e-01, -1.07809237e-01,
        -6.58097182e-01],
       [ 6.93109104e-01, -1.74318402e-01,  1.68725204e+02,
        -1.36418252e+01, -8.15857875e+00,  1.74367569e+01,
         5.37529380e+02,  1.12972119e+02,  1.11492838e+02,
         8.35063570e+02],
       [-3.42942498e-02,  1.80018595e-02, -1.36418252e+01,
         1.36425730e+00,  7.91748160e-01, -1.72853929e+00,
        -6.06814433e+01, -1.21562399e+01, -8.58380388e+00,
        -4.91089660e+01],
       [-2.18383801e-02,  1.04685517e-02, -8.15857875e+00,
         7.91748160e-01,  4.70777415e-01, -1.04231997e+00,
        -3.26987863e+01, -8.52937785e+00, -5.20691048e+00,
        -3.04869483e+01],
       [ 4.06034372e-02, -2.21836895e-02,  1.74367569e+01,
        -1.72853929e+00, -1.04231997e+00,  2.37482473e+00,
         5.92869934e+01,  1.57854851e+01,  1.11498957e+01,
         5.88057799e+01],
       [ 1.43506184e+00, -1.06068076e+00,  5.37529380e+02,
        -6.06814433e+01, -3.26987863e+01,  5.92869934e+01,
         6.06422364e+03,  1.94231403e+03,  3.09308499e+02,
         2.37316040e+03],
       [ 4.23217142e-01, -3.30741693e-01,  1.12972119e+02,
        -1.21562399e+01, -8.52937785e+00,  1.57854851e+01,
         1.94231403e+03,  1.41388136e+03,  7.03761778e+01,
         7.45589098e+02],
       [ 4.90469190e-01, -1.07809237e-01,  1.11492838e+02,
        -8.58380388e+00, -5.20691048e+00,  1.11498957e+01,
         3.09308499e+02,  7.03761778e+01,  7.48144273e+01,
         5.77708154e+02],
       [ 5.15489453e+00, -6.58097182e-01,  8.35063570e+02,
        -4.91089660e+01, -3.04869483e+01,  5.88057799e+01,
         2.37316040e+03,  7.45589098e+02,  5.77708154e+02,
         5.69783164e+03]]), array([[ 2.51270466e+02, -4.06378298e+00, -2.11347313e-18,
        -8.82052786e-19, -8.48696200e-20, -3.21423960e-19,
         4.50963828e+01,  1.90118588e+00,  2.50226210e+02,
         3.33988348e+03],
       [-4.06378298e+00,  6.70659520e-02,  3.41367853e-20,
         1.42527278e-20,  1.37499671e-21,  5.20685675e-21,
        -3.89605248e+00, -9.84076021e-01, -4.04625227e+00,
        -5.50882972e+01],
       [-2.11347313e-18,  3.41367853e-20,  1.77832412e-38,
         7.42007132e-39,  7.14193045e-40,  2.70305946e-39,
        -1.61072417e-19,  8.98020439e-21, -2.10469842e-18,
        -2.80374661e-17],
       [-8.82052786e-19,  1.42527278e-20,  7.42007132e-39,
         3.09652258e-39,  2.97949892e-40,  1.12821859e-39,
        -1.16222418e-19,  1.21401914e-21, -8.78391427e-19,
        -1.17121435e-17],
       [-8.48696200e-20,  1.37499671e-21,  7.14193045e-40,
         2.97949892e-40,  2.87071410e-41,  1.08563238e-40,
        -1.27798592e-20, -4.32868695e-21, -8.45148250e-20,
        -1.12869982e-18],
       [-3.21423960e-19,  5.20685675e-21,  2.70305946e-39,
         1.12821859e-39,  1.08563238e-40,  4.11231034e-40,
        -8.31383959e-20, -8.50286611e-21, -3.20084299e-19,
        -4.28018882e-18],
       [ 4.50963828e+01, -3.89605248e+00, -1.61072417e-19,
        -1.16222418e-19, -1.27798592e-20, -8.31383959e-20,
         1.11113826e+04,  3.15783456e+03,  4.37225147e+01,
         3.81761054e+03],
       [ 1.90118588e+00, -9.84076021e-01,  8.98020439e-21,
         1.21401914e-21, -4.32868695e-21, -8.50286611e-21,
         3.15783456e+03,  1.78113196e+03,  1.50374603e+00,
         1.00216394e+03],
       [ 2.50226210e+02, -4.04625227e+00, -2.10469842e-18,
        -8.78391427e-19, -8.45148250e-20, -3.20084299e-19,
         4.37225147e+01,  1.50374603e+00,  2.49186660e+02,
         3.32554405e+03],
       [ 3.33988348e+03, -5.50882972e+01, -2.80374661e-17,
        -1.17121435e-17, -1.12869982e-18, -4.28018882e-18,
         3.81761054e+03,  1.00216394e+03,  3.32554405e+03,
         4.53850575e+04]])]
